小关卡id	小关卡标题	小关卡对话	每日最多	前置完成关卡	等级限制	每次扣除体力	武魂	铜钱奖励	未过回复次数	奖励道具	士兵分布图	主将ID	主将等级	主将阶级	副将1ID	副将1等级	副将1阶级	副将2ID	副将2等级	副将2阶级	步兵1ID	步兵1等级	骑兵2ID	骑兵2等级	弓兵3ID	弓兵3等级	士兵数量等级	特殊增益比例	精英副本增益比例	未过返还体力	主角经验Exp	公会掉落	空行
1	제1관	1	99	0	1,999	5	20	100	1	29,4,1,50,1,43,4,1,35,1,14,1,1,100,2,45,5,1,25,2,36,4,1,25,2,4,4,1,30,2,29,4,1,100,2,43,4,1,35,2	01-01.tmx	1090001	4 	1 	1000001	4 	1		4	1	1101	1	2101	1	3101	1	1 	0	0.3	5	200		
2	제2관	2	99	1,1	1,999	5	20	110	1	2,1,1,100,1,28,4,1,50,1,43,4,1,35,1,15,1,1,100,2,45,5,1,25,2,36,4,1,25,2,4,4,1,30,2,28,4,1,100,2,43,4,1,35,2	01-02.tmx	1000013	5 	1 	1000002	5 	1		5	1	1101	1	2101	1	3101	1	1 	0	0.3	5	260		
3	제3관	3	99	1,2	1,999	5	20	120	1	3,1,1,100,1,12,4,1,50,1,43,4,1,35,1,16,1,1,100,2,45,5,1,25,2,36,4,1,25,2,4,4,1,30,2,12,4,1,100,2,43,4,1,35,2	01-03.tmx	1000005	6 	1 	1000003	6 	1		6	1	1101	1	2101	1	3101	1	1 	0	0.3	5	280		
4	제4관	0	99	1,3	1,999	5	20	130	1	4,1,1,100,1,17,1,1,80,1,29,4,1,50,1,43,4,1,35,1,17,1,1,100,2,45,5,1,25,2,36,4,1,25,2,4,4,1,30,2,29,4,1,100,2,43,4,1,35,2	01-04.tmx	1090001	7 	1 	1000004	7 	1		7	1	1101	1	2101	1	3101	1	1 	0	0.3	5	300		
5	제5관	5	99	1,4	1,999	5	20	140	1	5,1,1,100,1,18,1,1,80,1,28,4,1,50,1,43,4,1,35,1,18,1,1,100,2,45,5,1,25,2,36,4,1,25,2,4,4,1,30,2,28,4,1,100,2,43,4,1,35,2	01-05.tmx	1090003	11 	1 	1000005	11 	1		11	1	1101	1	2101	1	3101	1	1 	0	0.3	5	500		
6	제6관	6	99	1,5	1,999	5	20	150	1	6,1,1,100,1,19,1,1,80,1,12,4,1,50,1,43,4,1,35,1,19,1,1,100,2,45,5,1,25,2,36,4,1,25,2,4,4,1,30,2,12,4,1,100,2,43,4,1,35,2	01-06.tmx	1090004	19 	1 	1000006	19 	1		19	1	1101	1	2101	1	3101	1	1 	0	0.3	5	350		
7	제7관	7	99	1,6	1,999	5	20	160	1	7,1,1,100,1,20,1,1,80,1,29,4,1,50,1,43,4,1,35,1,20,1,1,100,2,45,5,1,25,2,36,4,1,25,2,4,4,1,30,2,29,4,1,100,2,43,4,1,35,2	01-07.tmx	1000006	26 	1 	1000007	26 	1		26	1	1101	1	2101	1	3101	1	1 	0	0.3	5	360		
8	제8관	0	99	1,7	1,999	5	20	170	1	8,1,1,100,1,21,1,1,80,1,28,4,1,50,1,43,4,1,35,1,21,1,1,100,2,45,5,1,25,2,36,4,1,25,2,4,4,1,30,2,28,4,1,100,2,43,4,1,35,2	01-08.tmx	1000006	41 	1 	1000008	41 	1		41	1	1101	1	2101	1	3101	1	1 	0	0.3	5	380		
9	제9관	8	99	1,8	1,999	5	20	180	1	9,1,1,100,1,22,1,1,80,1,12,4,1,50,1,43,4,1,35,1,22,1,1,100,2,45,5,1,25,2,36,4,1,25,2,4,4,1,30,2,12,4,1,100,2,43,4,1,35,2	01-09.tmx	1090005	30 	1 	1000009	30 	1		30	1	1101	1	2101	1	3101	1	1 	0	0.3	5	400		
10	제10관	9,10	99	1,9	1,999	5	20	190	1	10,1,1,100,1,23,1,1,80,1,29,4,1,50,1,43,4,1,35,1,23,1,1,100,2,45,5,1,25,2,36,4,1,25,2,4,4,1,30,2,29,4,1,100,2,43,4,1,35,2	01-10.tmx	1090006	20 	2 	1000010	20 	2	1000011	20	2	1101	1	2101	1	3101	1	1 	0	0.3	5	600		
11	제1관	11	99	1,10	1,999	5	23	200	1	11,1,1,100,1,24,1,1,80,1,28,4,1,50,1,43,4,1,35,1,24,1,1,100,2,46,5,1,25,2,36,4,1,25,2,4,4,1,30,2,28,4,1,100,2,43,4,1,35,2	02-01.tmx	1000008	44 	2 	1000011	44 	2	1000012	44	2	1101	1	2101	1	3101	1	1 	0	0.3	5	410		
12	제2관	0	99	2,1	1,999	5	23	210	1	12,1,1,100,1,25,1,1,80,1,12,4,1,50,1,43,4,1,35,1,25,1,1,100,2,46,5,1,25,2,36,4,1,25,2,4,4,1,30,2,12,4,1,100,2,43,4,1,35,2	02-02.tmx	1000011	44 	2 	1000012	44 	2	1000013	44	2	1101	1	2101	1	3101	1	1 	0	0.3	5	420		
13	제3관	12	99	2,2	1,999	5	23	220	1	12,1,1,100,1,26,1,1,80,1,29,4,1,50,1,43,4,1,35,1,26,1,1,100,2,46,5,1,25,2,36,4,1,25,2,4,4,1,30,2,29,4,1,100,2,43,4,1,35,2	02-03.tmx	1090008	36 	2 	1000013	36 	2	1000001	36	2	1101	1	2101	1	3101	1	1 	0	0.3	5	430		
14	제4관	0	99	2,3	1,999	5	23	230	1	1,1,1,100,1,27,1,1,80,1,28,4,1,50,1,43,4,1,35,1,27,1,1,100,2,46,5,1,25,2,36,4,1,25,2,4,4,1,30,2,28,4,1,100,2,43,4,1,35,2	02-04.tmx	1000005	37 	2 	1000001	37 	2	1000002	37	2	1101	1	2101	1	3101	1	1 	0	0.3	5	440		
15	제5관	14	99	2,4	1,999	5	23	240	1	2,1,1,100,1,28,1,1,80,1,12,4,1,50,1,43,4,1,35,1,28,1,1,100,2,46,5,1,25,2,36,4,1,25,2,4,4,1,30,2,12,4,1,100,2,43,4,1,35,2	02-05.tmx	1090009	57 	2 	1000002	57 	2	1000003	57	2	1101	1	2101	1	3101	1	1 	0	0.3	5	500		
16	제6관	0	99	2,5	1,999	5	23	250	1	3,1,1,100,1,29,1,1,80,1,29,4,1,50,1,43,4,1,35,1,29,1,1,100,2,46,5,1,25,2,36,4,1,25,2,4,4,1,30,2,29,4,1,100,2,43,4,1,35,2	02-06.tmx	1000001	61 	2 	1000003	61 	2	1000004	61	2	1101	2	2101	2	3101	2	1 	0	0.3	5	460		
17	제7관	15	99	2,6	1,999	5	23	260	1	4,1,1,100,1,30,1,1,80,1,28,4,1,50,1,43,4,1,35,1,30,1,1,100,2,46,5,1,25,2,36,4,1,25,2,4,4,1,30,2,28,4,1,100,2,43,4,1,35,2	02-07.tmx	1000007	45 	2 	1000004	45 	2	1000005	45	2	1101	2	2101	2	3101	2	1 	0	0.3	5	485		
18	제8관	0	99	2,7	1,999	5	23	270	1	5,1,1,100,1,31,1,1,80,1,12,4,1,50,1,43,4,1,35,1,31,1,1,100,2,46,5,1,25,2,36,4,1,25,2,4,4,1,30,2,12,4,1,100,2,43,4,1,35,2	02-08.tmx	1000002	52 	2 	1000005	52 	2	1000006	52	2	1101	2	2101	2	3101	2	1 	0	0.3	5	500		
19	제9관	16	99	2,8	1,999	5	23	280	1	6,1,1,100,1,14,1,1,80,1,29,4,1,50,1,43,4,1,35,1,14,1,1,100,2,46,5,1,25,2,36,4,1,25,2,4,4,1,30,2,29,4,1,100,2,43,4,1,35,2	02-09.tmx	1090010	61 	2 	1000006	61 	2	1000007	61	2	1101	2	2101	2	3101	2	1 	0	0.3	5	520		
20	제10관	17,18	99	2,9	1,999	5	23	290	1	7,1,1,100,1,15,1,1,80,1,28,4,1,50,1,43,4,1,35,1,15,1,1,100,2,46,5,1,25,2,36,4,1,25,2,4,4,1,30,2,28,4,1,100,2,43,4,1,35,2	02-10.tmx	1090011	53 	3 	1000007	53 	3	1000001	53	3	1101	3	2101	3	3101	3	1 	0	0.3	5	540		
21	제1관	19	99	2,10	1,999	5	26	300	1	8,1,1,100,1,16,1,1,80,1,12,4,1,50,1,43,4,1,35,1,16,1,1,100,2,67,5,1,25,2,37,4,1,25,2,4,4,1,30,2,12,4,1,100,2,43,4,1,35,2	03-01.tmx	1000014	57 	3 	1000014	57 	3	1000015	57	3	1101	3	2101	3	3101	3	1 	0	0.3	5	550		
22	제2관	20	99	3,1	1,999	5	26	310	1	9,1,1,100,1,17,1,1,80,1,29,4,1,50,1,43,4,1,35,1,17,1,1,100,2,67,5,1,25,2,37,4,1,25,2,4,4,1,30,2,29,4,1,100,2,43,4,1,35,2	03-02.tmx	1090012	46 	3 	1000015	46 	3	1000016	46	3	1101	3	2101	3	3101	3	11 	0	0.3	5	560		
23	제3관	0	99	3,2	1,999	5	26	320	1	10,1,1,100,1,18,1,1,80,1,28,4,1,50,1,43,4,1,35,1,18,1,1,100,2,67,5,1,25,2,37,4,1,25,2,4,4,1,30,2,28,4,1,100,2,43,4,1,35,2	03-03.tmx	1000031	39 	3 	1000016	39 	3	1000017	39	3	1101	3	2101	3	3101	3	11 	0	0.3	5	580		
24	제4관	0	99	3,3	1,999	5	26	330	1	11,1,1,100,1,19,1,1,80,1,12,4,1,50,1,43,4,1,35,1,19,1,1,100,2,67,5,1,25,2,37,4,1,25,2,4,4,1,30,2,12,4,1,100,2,43,4,1,35,2	03-04.tmx	1000029	39 	3 	1000017	39 	3	1000018	39	3	1101	3	2101	3	3101	3	11 	0	0.3	5	600		
25	제5관	21,22	99	3,4	1,999	5	26	340	1	12,1,1,100,1,20,1,1,80,1,29,4,1,50,1,43,4,1,35,1,20,1,1,100,2,67,5,1,25,2,37,4,1,25,2,4,4,1,30,2,29,4,1,100,2,43,4,1,35,2	03-05.tmx	1090012	45 	3 	1000018	45 	3	1000019	45	3	1101	3	2101	3	3101	3	11 	0	0.3	5	620		
26	제6관	0	99	3,5	1,999	5	26	350	1	13,1,1,100,1,21,1,1,80,1,28,4,1,50,1,43,4,1,35,1,21,1,1,100,2,67,5,1,25,2,37,4,1,25,2,4,4,1,30,2,28,4,1,100,2,43,4,1,35,2	03-06.tmx	1000014	60 	3 	1000019	60 	3	1000020	60	3	1101	4	2101	4	3101	4	11 	0	0.3	5	640		
27	제7관	23	99	3,6	1,999	5	26	360	1	1,1,1,100,1,22,1,1,80,1,12,4,1,50,1,43,4,1,35,1,22,1,1,100,2,67,5,1,25,2,37,4,1,25,2,4,4,1,30,2,12,4,1,100,2,43,4,1,35,2	03-07.tmx	1000019	54 	3 	1000020	54 	3	1000021	54	3	1101	4	2101	4	3101	4	11 	0	0.3	5	660		
28	제8관	0	99	3,7	1,999	5	26	370	1	1,1,1,100,1,23,1,1,80,1,29,4,1,50,1,43,4,1,35,1,23,1,1,100,2,67,5,1,25,2,37,4,1,25,2,4,4,1,30,2,29,4,1,100,2,43,4,1,35,2	03-08.tmx	1000024	53 	3 	1000021	53 	3	1000022	53	3	1101	4	2101	4	3101	4	11 	0	0.3	5	680		
29	제9관	24	99	3,8	1,999	5	26	380	1	3,1,1,100,1,24,1,1,80,1,28,4,1,50,1,43,4,1,35,1,24,1,1,100,2,67,5,1,25,2,37,4,1,25,2,4,4,1,30,2,28,4,1,100,2,43,4,1,35,2	03-09.tmx	1000028	56 	3 	1000022	56 	3	1000023	56	3	1101	4	2101	4	3101	4	11 	0	0.3	5	700		
30	제10관	25,26	99	3,9	1,999	5	26	390	1	4,1,1,100,1,25,1,1,80,1,12,4,1,50,1,43,4,1,35,1,25,1,1,100,2,67,5,1,25,2,37,4,1,25,2,4,4,1,30,2,12,4,1,100,2,43,4,1,35,2	03-10.tmx	1000042	33 	4 	1000023	33 	4	1000024	33	4	1101	4	2101	4	3101	4	11 	0	0.3	5	720		
31	제1관	27	99	3,10	1,999	5	29	400	1	5,1,1,100,1,26,1,1,80,1,29,4,1,50,1,43,4,1,35,1,26,1,1,100,2,52,5,1,25,2,37,4,1,25,2,4,4,1,30,2,29,4,1,100,2,43,4,1,35,2	04-01.tmx	1000022	53 	4 	1000024	53 	4	1000025	53	4	1101	4	2101	4	3101	4	20 	0	0.3	5	740		
32	제2관	0	99	4,1	1,999	5	29	410	1	6,1,1,100,1,27,1,1,80,1,28,4,1,50,1,43,4,1,35,1,27,1,1,100,2,52,5,1,25,2,37,4,1,25,2,4,4,1,30,2,28,4,1,100,2,43,4,1,35,2	04-02.tmx	1000019	57 	4 	1000025	57 	4	1000026	57	4	1101	4	2101	4	3101	4	20 	0	0.3	5	760		
33	제3관	28	99	4,2	1,999	5	29	420	1	7,1,1,100,1,28,1,1,80,1,12,4,1,50,1,43,4,1,35,1,28,1,1,100,2,52,5,1,25,2,37,4,1,25,2,4,4,1,30,2,12,4,1,100,2,43,4,1,35,2	04-03.tmx	1000032	52 	4 	1000026	52 	4	1000027	52	4	1101	4	2101	4	3101	4	20 	0	0.3	5	780		
34	제4관	0	99	4,3	1,999	5	29	430	1	8,1,1,100,1,29,1,1,80,1,29,4,1,50,1,43,4,1,35,1,29,1,1,100,2,52,5,1,25,2,37,4,1,25,2,4,4,1,30,2,29,4,1,100,2,43,4,1,35,2	04-04.tmx	1000023	69 	4 	1000027	69 	4	1000028	69	4	1101	4	2101	4	3101	4	20 	0	0.3	5	800		
35	제5관	29,30	99	4,4	1,999	5	29	440	1	9,1,1,100,1,30,1,1,80,1,28,4,1,50,1,43,4,1,35,1,30,1,1,100,2,52,5,1,25,2,37,4,1,25,2,4,4,1,30,2,28,4,1,100,2,43,4,1,35,2	04-05.tmx	1000032	58 	4 	1000028	58 	4	1000029	58	4	1101	4	2101	4	3101	4	20 	0	0.3	5	820		
36	제6관	0	99	4,5	1,999	5	29	450	1	10,1,1,100,1,31,1,1,80,1,12,4,1,50,1,43,4,1,35,1,31,1,1,100,2,52,5,1,25,2,37,4,1,25,2,4,4,1,30,2,12,4,1,100,2,43,4,1,35,2	04-06.tmx	1000018	64 	4 	1000029	64 	4	1000030	64	4	1101	5	2101	5	3101	5	20 	0	0.3	5	840		
37	제7관	31,32	99	4,6	1,999	5	29	460	1	11,1,1,100,1,14,1,1,80,1,29,4,1,50,1,43,4,1,35,1,14,1,1,100,2,52,5,1,25,2,37,4,1,25,2,4,4,1,30,2,29,4,1,100,2,43,4,1,35,2	04-07.tmx	1000032	61 	4 	1000030	61 	4	1000031	61	4	1101	5	2101	5	3101	5	20 	0	0.3	5	860		
38	제8관	0	99	4,7	1,999	5	29	470	1	12,1,1,100,1,15,1,1,80,1,28,4,1,50,1,43,4,1,35,1,15,1,1,100,2,52,5,1,25,2,37,4,1,25,2,4,4,1,30,2,28,4,1,100,2,43,4,1,35,2	04-08.tmx	1000024	85 	4 	1000031	85 	4	1000014	85	4	1101	5	2101	5	3101	5	20 	0	0.3	5	880		
39	제9관	33	99	4,8	1,999	5	29	480	1	13,1,1,100,1,16,1,1,80,1,12,4,1,50,1,43,4,1,35,1,16,1,1,100,2,52,5,1,25,2,37,4,1,25,2,4,4,1,30,2,12,4,1,100,2,43,4,1,35,2	04-09.tmx	1000021	95 	4 	1000014	95 	4	1000015	95	4	1101	5	2101	5	3101	5	20 	0	0.3	5	900		
40	제10관	34,35	99	4,9	1,999	5	29	490	1	1,1,1,100,1,17,1,1,80,1,29,4,1,50,1,43,4,1,35,1,17,1,1,100,2,52,5,1,25,2,37,4,1,25,2,4,4,1,30,2,29,4,1,100,2,43,4,1,35,2	04-10.tmx	1000085	47 	5 	1000015	47 	5	1000014	47	5	1101	5	2101	5	3101	5	20 	0	0.3	5	920		
41	제1관	36	99	4,10	1,999	5	32	500	1	2,1,1,100,1,18,1,1,80,1,28,4,1,50,1,43,4,1,35,1,18,1,1,100,2,57,5,1,25,2,37,4,1,25,2,4,4,1,30,2,28,4,1,100,2,43,4,1,35,2	05-01.tmx	1000034	51 	5 	1000032	51 	5	1000033	51	5	1101	5	2101	5	3101	5	20 	0	0.3	5	940		
42	제2관	0	99	5,1	1,999	5	32	510	1	3,1,1,100,1,19,1,1,80,1,12,4,1,50,1,43,4,1,35,1,19,1,1,100,2,57,5,1,25,2,37,4,1,25,2,4,4,1,30,2,12,4,1,100,2,43,4,1,35,2	05-02.tmx	1000034	53 	5 	1000033	53 	5	1000035	53	5	1101	5	2101	5	3101	5	20 	0	0.3	5	960		
43	제3관	37	99	5,2	1,999	5	32	520	1	4,1,1,100,1,20,1,1,80,1,29,4,1,50,1,43,4,1,35,1,20,1,1,100,2,57,5,1,25,2,37,4,1,25,2,4,4,1,30,2,29,4,1,100,2,43,4,1,35,2	05-03.tmx	1000057	40 	6 	1000034	40 	6	1000035	40	6	1101	5	2101	5	3101	5	20 	0	0.3	5	980		
44	제4관	0	99	5,3	1,999	5	32	530	1	5,1,1,100,1,21,1,1,80,1,28,4,1,50,1,43,4,1,35,1,21,1,1,100,2,57,5,1,25,2,37,4,1,25,2,4,4,1,30,2,28,4,1,100,2,43,4,1,35,2	05-04.tmx	1000040	40 	6 	1000035	40 	6	1000036	40	6	1101	6	2101	6	3101	6	20 	0	0.3	5	1005		
45	제5관	38,39	99	5,4	1,999	5	32	540	1	6,1,1,100,1,22,1,1,80,1,12,4,1,50,1,43,4,1,35,1,22,1,1,100,2,57,5,1,25,2,37,4,1,25,2,4,4,1,30,2,12,4,1,100,2,43,4,1,35,2	05-05.tmx	1000057	38 	6 	1000036	38 	6	1000037	38	6	1101	6	2101	6	3101	6	20 	0	0.3	5	1040		
46	제6관	40	99	5,5	1,999	5	32	550	1	7,1,1,100,1,23,1,1,80,1,29,4,1,50,1,43,4,1,35,1,23,1,1,100,2,57,5,1,25,2,37,4,1,25,2,4,4,1,30,2,29,4,1,100,2,43,4,1,35,2	05-06.tmx	1090012	57 	6 	1000037	57 	6	1000038	57	6	1101	6	2101	6	3101	6	20 	0	0.3	5	1075		
47	제7관	0	99	5,6	1,999	5	32	560	1	8,1,1,100,1,24,1,1,80,1,28,4,1,50,1,43,4,1,35,1,24,1,1,100,2,57,5,1,25,2,37,4,1,25,2,4,4,1,30,2,28,4,1,100,2,43,4,1,35,2	05-07.tmx	1000033	57 	6 	1000038	57 	6	1000039	57	6	1101	6	2101	6	3101	6	20 	0	0.3	5	1110		
48	제8관	41	99	5,7	1,999	5	32	570	1	9,1,1,100,1,25,1,1,80,1,12,4,1,50,1,43,4,1,35,1,25,1,1,100,2,57,5,1,25,2,37,4,1,25,2,4,4,1,30,2,12,4,1,100,2,43,4,1,35,2	05-08.tmx	1000037	46 	6 	1000039	46 	6	1000040	46	6	1101	6	2101	6	3101	6	20 	0	0.3	5	1145		
49	제9관	0	99	5,8	1,999	5	32	580	1	10,1,1,100,1,26,1,1,80,1,29,4,1,50,1,43,4,1,35,1,26,1,1,100,2,57,5,1,25,2,37,4,1,25,2,4,4,1,30,2,29,4,1,100,2,43,4,1,35,2	05-09.tmx	1000034	43 	6 	1000040	43 	6	1000041	43	6	1101	6	2101	6	3101	6	20 	0	0.3	5	1180		
50	제10관	42,43	99	5,9	1,999	5	32	590	1	11,1,1,100,1,27,1,1,80,1,28,4,1,50,1,43,4,1,35,1,27,1,1,100,2,57,5,1,25,2,37,4,1,25,2,4,4,1,30,2,28,4,1,100,2,43,4,1,35,2	05-10.tmx	1000088	35 	6 	1000041	35 	6	1000042	35	6	1101	7	2101	7	3101	7	20 	0	0.3	5	1215		
51	제1관	44	99	5,10	1,999	5	35	600	1	11,1,1,100,1,28,1,1,80,1,12,4,1,50,1,43,4,1,35,1,28,1,1,100,2,89,5,1,30,2,37,4,1,25,2,4,4,1,30,2,12,4,1,100,2,43,4,1,35,2	06-01.tmx	1000034	46 	7 	1000042	46 	7	1000043	46	7	1101	7	2101	7	3101	7	20 	0	0.3	5	1250		
52	제2관	45	99	6,1	1,999	5	35	610	1	13,1,1,100,1,29,1,1,80,1,29,4,1,50,1,43,4,1,35,1,29,1,1,100,2,89,5,1,30,2,37,4,1,25,2,4,4,1,30,2,29,4,1,100,2,43,4,1,35,2	06-02.tmx	1000039	43 	7 	1000043	43 	7	1000044	43	7	1101	7	2101	7	3101	7	20 	0	0.3	5	1285		
53	제3관	0	99	6,2	1,999	5	35	620	1	1,1,1,100,1,30,1,1,80,1,28,4,1,50,1,43,4,1,35,1,30,1,1,100,2,89,5,1,30,2,37,4,1,25,2,4,4,1,30,2,28,4,1,100,2,43,4,1,35,2	06-03.tmx	1000033	47 	7 	1000044	47 	7	1000045	47	7	1101	7	2101	7	3101	7	20 	0	0.3	5	1320		
54	제4관	0	99	6,3	1,999	5	35	630	1	2,1,1,100,1,31,1,1,80,1,12,4,1,50,1,43,4,1,35,1,31,1,1,100,2,89,5,1,30,2,37,4,1,25,2,4,4,1,30,2,12,4,1,100,2,43,4,1,35,2	06-04.tmx	1000032	51 	7 	1000045	51 	7	1000046	51	7	1101	7	2101	7	3101	7	20 	0	0.3	5	1355		
55	제5관	46,47	99	6,4	1,999	5	35	640	1	3,1,1,100,1,14,1,1,80,1,29,4,1,50,1,43,4,1,35,1,14,1,1,100,2,89,5,1,30,2,37,4,1,25,2,4,4,1,30,2,29,4,1,100,2,43,4,1,35,2	06-05.tmx	1000040	54 	7 	1000046	54 	7	1000032	54	7	1101	7	2101	7	3101	7	20 	0	0.3	5	1390		
56	제6관	0	99	6,5	1,999	5	35	650	1	4,1,1,100,1,15,1,1,80,1,28,4,1,50,1,43,4,1,35,1,15,1,1,100,2,89,5,1,30,2,37,4,1,25,2,4,4,1,30,2,28,4,1,100,2,43,4,1,35,2	06-06.tmx	1000040	66 	7 	1000032	66 	7	1000033	66	7	1101	8	2101	8	3101	8	20 	0	0.3	5	1425		
57	제7관	48	99	6,6	1,999	5	35	660	1	5,1,1,100,1,16,1,1,80,1,12,4,1,50,1,43,4,1,35,1,16,1,1,100,2,89,5,1,30,2,37,4,1,25,2,4,4,1,30,2,12,4,1,100,2,43,4,1,35,2	06-07.tmx	1000037	71 	7 	1000033	71 	7	1000034	71	7	1101	8	2101	8	3101	8	20 	0	0.3	5	1460		
58	제8관	0	99	6,7	1,999	5	35	670	1	6,1,1,100,1,17,1,1,80,1,29,4,1,50,1,43,4,1,35,1,17,1,1,100,2,89,5,1,30,2,37,4,1,25,2,4,4,1,30,2,29,4,1,100,2,43,4,1,35,2	06-08.tmx	1000039	76 	7 	1000034	76 	7	1000035	76	7	1101	8	2101	8	3101	8	20 	0	0.3	5	1495		
59	제9관	49	99	6,8	1,999	5	35	680	1	7,1,1,100,1,18,1,1,80,1,28,4,1,50,1,43,4,1,35,1,18,1,1,100,2,89,5,1,30,2,37,4,1,25,2,4,4,1,30,2,28,4,1,100,2,43,4,1,35,2	06-09.tmx	1000040	59 	8 	1000035	59 	8	1000036	59	8	1101	8	2101	8	3101	8	20 	0	0.3	5	1530		
60	제10관	50,51	99	6,9	1,999	5	35	690	1	8,1,1,100,1,19,1,1,80,1,12,4,1,50,1,43,4,1,35,1,19,1,1,100,2,89,5,1,30,2,37,4,1,25,2,4,4,1,30,2,12,4,1,100,2,43,4,1,35,2	06-10.tmx	1090013	74 	8 	1000036	74 	8	1000037	74	8	1101	8	2101	8	3101	8	20 	0	0.3	5	1565		
61	제1관	52	99	6,10	1,999	5	38	700	1	8,1,1,100,1,20,1,1,80,1,29,4,1,50,1,43,4,1,35,1,20,1,1,100,2,102,5,1,30,2,37,4,1,25,2,4,4,1,30,2,29,4,1,100,2,43,4,1,35,2	07-01.tmx	1000040	57 	8 	1000037	57 	8	1000038	57	8	1101	8	2101	8	3101	8	20 	0	0.3	5	1600	95,1,1,40,100,1,1,40,76,1,1,40,42,4,1,50,47,4,10,80	
62	제2관	0	99	7,1	1,999	5	38	710	1	9,1,1,100,1,21,1,1,80,1,28,4,1,50,1,43,4,1,35,1,21,1,1,100,2,102,5,1,30,2,37,4,1,25,2,4,4,1,30,2,28,4,1,100,2,43,4,1,35,2	07-02.tmx	1000035	75 	8 	1000038	75 	8	1000039	75	8	1101	9	2101	9	3101	9	20 	0	0.3	5	1635	95,1,1,40,100,1,1,40,76,1,1,40,42,4,1,50,47,4,10,80	
63	제3관	53	99	7,2	1,999	5	38	720	1	11,1,1,100,1,22,1,1,80,1,12,4,1,50,1,43,4,1,35,1,22,1,1,100,2,102,5,1,30,2,37,4,1,25,2,4,4,1,30,2,12,4,1,100,2,43,4,1,35,2	07-03.tmx	1000038	65 	8 	1000039	65 	8	1000040	65	8	1101	9	2101	9	3101	9	20 	0	0.3	5	1670	95,1,1,40,100,1,1,40,76,1,1,40,42,4,1,50,48,4,10,50	
64	제4관	54	99	7,3	1,999	5	38	730	1	12,1,1,100,1,23,1,1,80,1,29,4,1,50,1,43,4,1,35,1,23,1,1,100,2,102,5,1,30,2,37,4,1,25,2,4,4,1,30,2,29,4,1,100,2,43,4,1,35,2	07-04.tmx	1000048	53 	8 	1000040	53 	8	1000041	53	8	1101	9	2101	9	3101	9	20 	0	0.3	5	1705	95,1,1,40,100,1,1,40,76,1,1,40,42,4,1,50,48,4,10,50	
65	제5관	55,56	99	7,4	1,999	5	38	740	1	12,1,1,100,1,24,1,1,80,1,28,4,1,50,1,43,4,1,35,1,24,1,1,100,2,102,5,1,30,2,37,4,1,25,2,4,4,1,30,2,28,4,1,100,2,43,4,1,35,2	07-05.tmx	1000040	54 	8 	1000041	54 	8	1000042	54	8	1101	9	2101	9	3101	9	20 	0	0.3	5	1740	95,1,1,40,100,1,1,40,76,1,1,40,42,4,1,50,38,4,1,80	
66	제6관	57	99	7,5	1,999	5	38	750	1	1,1,1,100,1,25,1,1,80,1,12,4,1,50,1,43,4,1,35,1,25,1,1,100,2,102,5,1,30,2,37,4,1,25,2,4,4,1,30,2,12,4,1,100,2,43,4,1,35,2	07-06.tmx	1000037	61 	8 	1000042	61 	8	1000043	61	8	1101	9	2101	9	3101	9	20 	0	0.3	5	1775	95,1,1,40,100,1,1,40,76,1,1,40,42,4,1,50,50,4,5,50	
67	제7관	0	99	7,6	1,999	5	38	760	1	2,1,1,100,1,26,1,1,80,1,29,4,1,50,1,43,4,1,35,1,26,1,1,100,2,102,5,1,30,2,37,4,1,25,2,4,4,1,30,2,29,4,1,100,2,43,4,1,35,2	07-07.tmx	1000038	56 	9 	1000043	56 	9	1000044	56	9	1101	9	2101	9	3101	9	20 	0	0.3	5	1810	95,1,1,40,100,1,1,40,76,1,1,40,42,4,1,50,50,4,5,50	
68	제8관	58	99	7,7	1,999	5	38	770	1	3,1,1,100,1,27,1,1,80,1,28,4,1,50,1,43,4,1,35,1,27,1,1,100,2,102,5,1,30,2,37,4,1,25,2,4,4,1,30,2,28,4,1,100,2,43,4,1,35,2	07-08.tmx	1000036	56 	9 	1000044	56 	9	1000045	56	9	1101	10	2101	10	3101	10	20 	0	0.3	5	1845	95,1,1,40,100,1,1,40,76,1,1,40,42,4,1,50,49,4,5,50	
69	제9관	59	99	7,8	1,999	5	38	780	1	4,1,1,100,1,28,1,1,80,1,12,4,1,50,1,43,4,1,35,1,28,1,1,100,2,102,5,1,30,2,37,4,1,25,2,4,4,1,30,2,12,4,1,100,2,43,4,1,35,2	07-09.tmx	1000036	61 	9 	1000045	61 	9	1000046	61	9	1101	10	2101	10	3101	10	20 	0	0.3	5	1880	95,1,1,40,100,1,1,40,76,1,1,40,42,4,1,50,49,4,5,50	
70	제10관	60,61	99	7,9	1,999	5	38	790	1	5,1,1,100,1,29,1,1,80,1,29,4,1,50,1,43,4,1,35,1,29,1,1,100,2,102,5,1,30,2,37,4,1,25,2,4,4,1,30,2,29,4,1,100,2,43,4,1,35,2	07-10.tmx	1000061	65 	9 	1000046	65 	9	1000032	65	9	1101	10	2101	10	3101	10	20 	0	0.3	5	1915	95,1,1,40,100,1,1,40,76,1,1,40,42,4,1,50,38,4,2,80	
71	제1관	62	99	7,10	1,999	5	42	800	1	6,1,1,100,1,30,1,1,80,1,19,4,1,12,1,43,4,1,35,1,30,1,1,100,2,98,5,1,30,2,37,4,1,25,2,4,4,1,30,2,19,4,1,25,2,43,4,1,35,2	08-01.tmx	1000035	99 	9 	1000032	99 	9	1000033	99	9	1102	1	2102	1	3102	1	20 	0	0.3	5	1950	76,1,1,40,74,1,1,40,112,1,1,40,42,4,2,50,47,4,11,80	
72	제2관	63	99	8,1	1,999	5	42	810	1	7,1,1,100,1,31,1,1,80,1,25,4,1,12,1,43,4,1,35,1,31,1,1,100,2,98,5,1,30,2,37,4,1,25,2,4,4,1,30,2,25,4,1,25,2,43,4,1,35,2	08-02.tmx	1000040	80 	9 	1000033	80 	9	1000034	80	9	1102	1	2102	1	3102	1	20 	0	0.3	5	1985	76,1,1,40,74,1,1,40,112,1,1,40,42,4,2,50,47,4,11,80	
73	제3관	0	99	8,2	1,999	5	42	820	1	8,1,1,100,1,14,1,1,80,1,16,4,1,12,1,43,4,1,35,1,14,1,1,100,2,98,5,1,30,2,37,4,1,25,2,4,4,1,30,2,16,4,1,25,2,43,4,1,35,2	08-03.tmx	1000038	90 	9 	1000034	90 	9	1000035	90	9	1102	1	2102	1	3102	1	20 	0	0.3	5	2020	76,1,1,40,74,1,1,40,112,1,1,40,42,4,2,50,48,4,11,50	
74	제4관	0	99	8,3	1,999	5	42	830	1	9,1,1,100,1,15,1,1,80,1,19,4,1,12,1,43,4,1,35,1,15,1,1,100,2,98,5,1,30,2,37,4,1,25,2,4,4,1,30,2,19,4,1,25,2,43,4,1,35,2	08-04.tmx	1000035	84 	10 	1000034	84 	10	1000036	84	10	1102	2	2102	2	3102	2	20 	0	0.3	5	2055	76,1,1,40,74,1,1,40,112,1,1,40,42,4,2,50,48,4,11,50	
75	제5관	64,65	99	8,4	1,999	5	42	840	1	10,1,1,100,1,16,1,1,80,1,25,4,1,12,1,43,4,1,35,1,16,1,1,100,2,98,5,1,30,2,37,4,1,25,2,4,4,1,30,2,25,4,1,25,2,43,4,1,35,2	08-05.tmx	1000038	74 	10 	1000036	74 	10	1000037	74	10	1102	2	2102	2	3102	2	20 	0	0.3	5	2090	76,1,1,40,74,1,1,40,112,1,1,40,42,4,2,50,38,4,1,80	
76	제6관	0	99	8,5	1,999	5	42	850	1	10,1,1,100,1,17,1,1,80,1,19,4,1,12,1,43,4,1,35,1,17,1,1,100,2,98,5,1,30,2,37,4,1,25,2,4,4,1,30,2,16,4,1,25,2,43,4,1,35,2	08-06.tmx	1000034	79 	10 	1000037	79 	10	1000038	79	10	1102	2	2102	2	3102	2	20 	0	0.3	5	2125	76,1,1,40,74,1,1,40,112,1,1,40,42,4,2,50,50,4,6,50	
77	제7관	66	99	8,6	1,999	5	42	860	1	12,1,1,100,1,18,1,1,80,1,25,4,1,12,1,43,4,1,35,1,18,1,1,100,2,98,5,1,30,2,37,4,1,25,2,4,4,1,30,2,19,4,1,25,2,43,4,1,35,2	08-07.tmx	1000032	89 	10 	1000038	89 	10	1000039	89	10	1102	2	2102	2	3102	2	20 	0	0.3	5	2160	76,1,1,40,74,1,1,40,112,1,1,40,42,4,2,50,50,4,6,50	
78	제8관	67	99	8,7	1,999	5	42	870	1	13,1,1,100,1,19,1,1,80,1,16,4,1,12,1,43,4,1,35,1,19,1,1,100,2,98,5,1,30,2,37,4,1,25,2,4,4,1,30,2,25,4,1,25,2,43,4,1,35,2	08-08.tmx	1000039	79 	10 	1000032	79 	10	1000040	79	10	1102	3	2102	3	3102	3	20 	0	0.3	5	2195	76,1,1,40,74,1,1,40,112,1,1,40,42,4,2,50,49,4,6,50	
79	제9관	68	99	8,8	1,999	5	42	880	1	1,1,1,100,1,20,1,1,80,1,19,4,1,12,1,43,4,1,35,1,20,1,1,100,2,98,5,1,30,2,37,4,1,25,2,4,4,1,30,2,16,4,1,25,2,43,4,1,35,2	08-09.tmx	1000032	68 	10 	1000040	68 	10	1000041	68	10	1102	3	2102	3	3102	3	20 	0	0.3	5	2230	76,1,1,40,74,1,1,40,112,1,1,40,42,4,2,50,49,4,6,50	
80	제10관	69,70	99	8,9	1,999	5	42	890	1	2,1,1,100,1,21,1,1,80,1,25,4,1,12,1,43,4,1,35,1,21,1,1,100,2,98,5,1,30,2,37,4,1,25,2,4,4,1,30,2,19,4,1,25,2,43,4,1,35,2	08-10.tmx	1000086	55 	10 	1000041	55 	10	1000039	55	10	1102	4	2102	4	3102	4	20 	0	0.3	5	2265	76,1,1,40,74,1,1,40,112,1,1,40,42,4,2,50,38,4,3,80	
81	제1관	71	99	8,10	1,999	5	48	900	1	3,1,1,100,1,22,1,1,80,1,16,4,1,12,1,43,4,1,35,1,22,1,1,100,2,85,5,1,30,2,37,4,1,25,2,4,4,1,30,2,25,4,1,25,2,43,4,1,35,2	09-01.tmx	1000044	63 	10 	1000047	63 	10	1000048	63	10	1102	4	2102	4	3102	4	20 	0	0.3	5	2300	112,1,1,40,105,1,1,40,107,1,1,40,42,4,3,50,47,4,12,80	
82	제2관	0	99	9,1	1,999	5	48	910	1	4,1,1,100,1,23,1,1,80,1,19,4,1,12,1,43,4,1,35,1,23,1,1,100,2,85,5,1,30,2,37,4,1,25,2,4,4,1,30,2,16,4,1,25,2,43,4,1,35,2	09-02.tmx	1000068	57 	11 	1000048	57 	11	1000049	57	11	1102	4	2102	4	3102	4	20 	0	0.3	5	2330	112,1,1,40,105,1,1,40,107,1,1,40,42,4,3,50,47,4,12,80	
83	제3관	72	99	9,2	1,999	5	48	920	1	5,1,1,100,1,24,1,1,80,1,25,4,1,12,1,43,4,1,35,1,24,1,1,100,2,85,5,1,30,2,37,4,1,25,2,4,4,1,30,2,25,4,1,25,2,43,4,1,35,2	09-03.tmx	1000051	63 	11 	1000049	63 	11	1000050	63	11	1102	5	2102	5	3102	5	20 	0	0.3	5	2360	112,1,1,40,105,1,1,40,107,1,1,40,42,4,3,50,48,4,12,50	
84	제4관	0	99	9,3	1,999	5	48	930	1	6,1,1,100,1,25,1,1,80,1,16,4,1,12,1,43,4,1,35,1,25,1,1,100,2,85,5,1,30,2,37,4,1,25,2,4,4,1,30,2,16,4,1,25,2,43,4,1,35,2	09-04.tmx	1000041	67 	11 	1000050	67 	11	1000051	67	11	1102	5	2102	5	3102	5	20 	0	0.3	5	2390	112,1,1,40,105,1,1,40,107,1,1,40,42,4,3,50,48,4,12,50	
85	제5관	73,74	99	9,4	1,999	5	48	940	1	7,1,1,100,1,26,1,1,80,1,19,4,1,12,1,43,4,1,35,1,26,1,1,100,2,85,5,1,30,2,37,4,1,25,2,4,4,1,30,2,19,4,1,25,2,43,4,1,35,2	09-05.tmx	1000049	65 	11 	1000051	65 	11	1000052	65	11	1102	5	2102	5	3102	5	20 	0	0.3	5	2420	112,1,1,40,105,1,1,40,107,1,1,40,42,4,3,50,38,4,4,80	
86	제6관	0	99	9,5	1,999	5	48	950	1	8,1,1,100,1,27,1,1,80,1,25,4,1,12,1,43,4,1,35,1,27,1,1,100,2,85,5,1,30,2,37,4,1,25,2,4,4,1,30,2,25,4,1,25,2,43,4,1,35,2	09-06.tmx	1000048	68 	11 	1000052	68 	11	1000053	68	11	1102	6	2102	6	3102	6	20 	0	0.3	5	2450	112,1,1,40,105,1,1,40,107,1,1,40,42,4,3,50,50,4,7,50	
87	제7관	75	99	9,6	1,999	5	48	960	1	9,1,1,100,1,28,1,1,80,1,16,4,1,12,1,43,4,1,35,1,28,1,1,100,2,85,5,1,30,2,37,4,1,25,2,4,4,1,30,2,16,4,1,25,2,43,4,1,35,2	09-07.tmx	1000050	68 	11 	1000053	68 	11	1000054	68	11	1102	6	2102	6	3102	6	20 	0	0.3	5	2480	112,1,1,40,105,1,1,40,107,1,1,40,42,4,3,50,50,4,7,50	
88	제8관	76	99	9,7	1,999	5	48	970	1	10,1,1,100,1,29,1,1,80,1,19,4,1,12,1,43,4,1,35,1,29,1,1,100,2,85,5,1,30,2,37,4,1,25,2,4,4,1,30,2,19,4,1,25,2,43,4,1,35,2	09-08.tmx	1000043	70 	11 	1000054	70 	11	1000055	70	11	1102	6	2102	6	3102	6	20 	0	0.3	5	2510	112,1,1,40,105,1,1,40,107,1,1,40,42,4,3,50,49,4,7,50	
89	제9관	0	99	9,8	1,999	5	48	980	1	11,1,1,100,1,30,1,1,80,1,25,4,1,12,1,43,4,1,35,1,30,1,1,100,2,85,5,1,30,2,37,4,1,25,2,4,4,1,30,2,25,4,1,25,2,43,4,1,35,2	09-09.tmx	1000060	73 	11 	1000055	73 	11	1000056	73	11	1102	6	2102	6	3102	6	20 	0	0.3	5	2540	112,1,1,40,105,1,1,40,107,1,1,40,42,4,3,50,49,4,7,50	
90	제10관	77,87	99	9,9	1,999	5	48	990	1	12,1,1,100,1,31,1,1,80,1,16,4,1,12,1,43,4,1,35,1,31,1,1,100,2,85,5,1,30,2,37,4,1,25,2,4,4,1,30,2,16,4,1,25,2,43,4,1,35,2	09-10.tmx	1000086	65 	12 	1000056	65 	12	1000057	65	12	1102	7	2102	7	3102	7	20 	0	0.3	5	2570	112,1,1,40,105,1,1,40,107,1,1,40,42,4,3,50,38,4,5,80	
91	제1관	79	99	9,10	1,999	5	54	1000	1	13,1,1,100,1,14,1,1,80,1,19,4,1,12,1,43,4,1,35,1,14,1,1,100,2,95,5,1,30,2,37,4,1,25,2,4,4,1,30,2,19,4,1,25,2,43,4,1,35,2	10-01.tmx	1000040	80 	12 	1000057	80 	12	1000058	80	12	1102	7	2102	7	3102	7	20 	0	0.3	5	2600	107,1,1,40,80,1,1,40,101,1,1,40,42,4,4,50,47,4,13,80	
92	제2관	0	99	10,1	1,999	5	54	1010	1	1,1,1,100,1,15,1,1,80,1,25,4,1,12,1,43,4,1,35,1,15,1,1,100,2,95,5,1,30,2,37,4,1,25,2,4,4,1,30,2,25,4,1,25,2,43,4,1,35,2	10-02.tmx	1000062	88 	12 	1000058	88 	12	1000059	88	12	1102	7	2102	7	3102	7	20 	0	0.3	5	2630	107,1,1,40,80,1,1,40,101,1,1,40,42,4,4,50,47,4,13,80	
93	제3관	80	99	10,2	1,999	5	54	1020	1	2,1,1,100,1,16,1,1,80,1,16,4,1,12,1,43,4,1,35,1,16,1,1,100,2,95,5,1,30,2,37,4,1,25,2,4,4,1,30,2,16,4,1,25,2,43,4,1,35,2	10-03.tmx	1000057	81 	12 	1000059	81 	12	1000060	81	12	1102	8	2102	8	3102	8	20 	0	0.3	5	2660	107,1,1,40,80,1,1,40,101,1,1,40,42,4,4,50,48,4,13,50	
94	제4관	0	99	10,3	1,999	5	54	1030	1	3,1,1,100,1,17,1,1,80,1,19,4,1,12,1,43,4,1,35,1,17,1,1,100,2,95,5,1,30,2,37,4,1,25,2,4,4,1,30,2,19,4,1,25,2,43,4,1,35,2	10-04.tmx	1000055	75 	12 	1000060	75 	12	1000061	75	12	1102	8	2102	8	3102	8	20 	0	0.3	5	2690	107,1,1,40,80,1,1,40,101,1,1,40,42,4,4,50,48,4,13,50	
95	제5관	81,82	99	10,4	1,999	5	54	1040	1	4,1,1,100,1,18,1,1,80,1,25,4,1,12,1,43,4,1,35,1,18,1,1,100,2,95,5,1,30,2,37,4,1,25,2,4,4,1,30,2,25,4,1,25,2,43,4,1,35,2	10-05.tmx	1000056	89 	12 	1000061	89 	12	1000062	89	12	1102	8	2102	8	3102	8	20 	0	0.3	5	2720	107,1,1,40,80,1,1,40,101,1,1,40,42,4,4,50,38,4,6,80	
96	제6관	83	99	10,5	1,999	5	54	1050	1	5,1,1,100,1,19,1,1,80,1,16,4,1,12,1,43,4,1,35,1,19,1,1,100,2,95,5,1,30,2,37,4,1,25,2,4,4,1,30,2,16,4,1,25,2,43,4,1,35,2	10-06.tmx	1000055	88 	12 	1000062	88 	12	1000063	88	12	1102	9	2102	9	3102	9	20 	0	0.3	5	2750	107,1,1,40,80,1,1,40,101,1,1,40,42,4,4,50,50,4,8,50	
97	제7관	84	99	10,6	1,999	5	54	1060	1	6,1,1,100,1,20,1,1,80,1,19,4,1,12,1,43,4,1,35,1,20,1,1,100,2,95,5,1,30,2,37,4,1,25,2,4,4,1,30,2,19,4,1,25,2,43,4,1,35,2	10-07.tmx	1000063	86 	12 	1000047	86 	12	1000064	86	12	1102	9	2102	9	3102	9	20 	0	0.3	5	2780	107,1,1,40,80,1,1,40,101,1,1,40,42,4,4,50,50,4,8,50	
98	제8관	0	99	10,7	1,999	5	54	1070	1	7,1,1,100,1,21,1,1,80,1,25,4,1,12,1,43,4,1,35,1,21,1,1,100,2,95,5,1,30,2,37,4,1,25,2,4,4,1,30,2,25,4,1,25,2,43,4,1,35,2	10-08.tmx	1000072	86 	13 	1000064	86 	13	1000065	86	13	1102	9	2102	9	3102	9	20 	0	0.3	5	2810	107,1,1,40,80,1,1,40,101,1,1,40,42,4,4,50,49,4,8,50	
99	제9관	0	99	10,8	1,999	5	54	1080	1	8,1,1,100,1,22,1,1,80,1,16,4,1,12,1,43,4,1,35,1,22,1,1,100,2,95,5,1,30,2,37,4,1,25,2,4,4,1,30,2,16,4,1,25,2,43,4,1,35,2	10-09.tmx	1000059	88 	13 	1000065	88 	13	1000066	88	13	1102	9	2102	9	3102	9	20 	0	0.3	5	2840	107,1,1,40,80,1,1,40,101,1,1,40,42,4,4,50,49,4,8,50	
100	제10관	85,86	99	10,9	1,999	5	54	1090	1	9,1,1,100,1,23,1,1,80,1,19,4,1,12,1,43,4,1,35,1,23,1,1,100,2,95,5,1,30,2,37,4,1,25,2,4,4,1,30,2,19,4,1,25,2,43,4,1,35,2	10-10.tmx	1000094	81 	13 	1000066	81 	13	1000067	81	13	1102	10	2102	10	3102	10	20 	0	0.3	5	2870	107,1,1,40,80,1,1,40,101,1,1,40,42,4,4,50,38,4,7,80	
101	제1관	87	99	10,10	1,999	5	60	1100	1	14,1,1,100,1,24,1,1,80,1,25,4,1,12,1,43,4,1,35,1,24,1,1,100,2,114,5,1,15,2,38,4,1,7,2,4,4,1,30,2,25,4,1,25,2,43,4,1,35,2	11-01.tmx	1000073	94 	13 	1000067	94 	13	1000068	94	13	1102	10	2102	10	3102	10	20 	0	0.3	5	2882	101,1,1,40,96,1,1,40,93,1,1,40,42,4,5,50,47,4,14,80	
102	제2관	88	99	11,1	1,999	5	60	1110	1	15,1,1,100,1,25,1,1,80,1,16,4,1,12,1,43,4,1,35,1,25,1,1,100,2,114,5,1,15,2,38,4,1,7,2,4,4,1,30,2,16,4,1,25,2,43,4,1,35,2	11-02.tmx	1000064	90 	13 	1000068	90 	13	1000069	90	13	1102	10	2102	10	3102	10	20 	0	0.3	5	2895	101,1,1,40,96,1,1,40,93,1,1,40,42,4,5,50,47,4,14,80	
103	제3관	0	99	11,2	1,999	5	60	1120	1	16,1,1,100,1,26,1,1,80,1,19,4,1,12,1,43,4,1,35,1,26,1,1,100,2,114,5,1,15,2,38,4,1,7,2,4,4,1,30,2,19,4,1,25,2,43,4,1,35,2	11-03.tmx	1000044	97 	13 	1000069	97 	13	1000070	97	13	1102	11	2102	11	3102	11	20 	0	0.3	5	2907	101,1,1,40,96,1,1,40,93,1,1,40,42,4,5,50,48,4,14,50	
104	제4관	0	99	11,3	1,999	5	60	1130	1	17,1,1,100,1,27,1,1,80,1,25,4,1,12,1,43,4,1,35,1,27,1,1,100,2,114,5,1,15,2,38,4,1,7,2,4,4,1,30,2,25,4,1,25,2,43,4,1,35,2	11-04.tmx	1000061	107 	13 	1000070	107 	13	1000071	107	13	1102	11	2102	11	3102	11	20 	0	0.3	5	2920	101,1,1,40,96,1,1,40,93,1,1,40,42,4,5,50,48,4,14,50	
105	제5관	89,90	99	11,4	1,999	5	60	1140	1	18,1,1,100,1,28,1,1,80,1,16,4,1,12,1,43,4,1,35,1,28,1,1,100,2,114,5,1,15,2,38,4,1,7,2,4,4,1,30,2,16,4,1,25,2,43,4,1,35,2	11-05.tmx	1000049	110 	13 	1000071	110 	13	1000072	110	13	1102	11	2102	11	3102	11	20 	0	0.3	5	2932	101,1,1,40,96,1,1,40,93,1,1,40,42,4,5,50,38,4,8,80	
106	제6관	91	99	11,5	1,999	5	60	1150	1	19,1,1,100,1,29,1,1,80,1,19,4,1,12,1,43,4,1,35,1,29,1,1,100,2,114,5,1,15,2,38,4,1,7,2,4,4,1,30,2,19,4,1,25,2,43,4,1,35,2	11-06.tmx	1000054	104 	14 	1000072	104 	14	1000073	104	14	1102	12	2102	12	3102	12	20 	0	0.3	5	2945	101,1,1,40,96,1,1,40,93,1,1,40,42,4,5,50,50,4,9,50	
107	제7관	0	99	11,6	1,999	5	60	1160	1	20,1,1,100,1,30,1,1,80,1,25,4,1,12,1,43,4,1,35,1,30,1,1,100,2,114,5,1,15,2,38,4,1,7,2,4,4,1,30,2,25,4,1,25,2,43,4,1,35,2	11-07.tmx	1000072	107 	14 	1000073	107 	14	1000047	107	14	1102	12	2102	12	3102	12	20 	0	0.3	5	2957	101,1,1,40,96,1,1,40,93,1,1,40,42,4,5,50,50,4,9,50	
108	제8관	0	99	11,7	1,999	5	60	1170	1	21,1,1,100,1,31,1,1,80,1,16,4,1,12,1,43,4,1,35,1,31,1,1,100,2,114,5,1,15,2,38,4,1,7,2,4,4,1,30,2,16,4,1,25,2,43,4,1,35,2	11-08.tmx	1000055	110 	14 	1000047	110 	14	1000048	110	14	1102	12	2102	12	3102	12	20 	0	0.3	5	2970	101,1,1,40,96,1,1,40,93,1,1,40,42,4,5,50,49,4,9,50	
109	제9관	92	99	11,8	1,999	5	60	1180	1	22,1,1,100,1,14,1,1,80,1,19,4,1,12,1,43,4,1,35,1,14,1,1,100,2,114,5,1,15,2,38,4,1,7,2,4,4,1,30,2,19,4,1,25,2,43,4,1,35,2	11-09.tmx	1000071	116 	14 	1000048	116 	14	1000049	116	14	1102	12	2102	12	3102	12	20 	0	0.3	5	2982	101,1,1,40,96,1,1,40,93,1,1,40,42,4,5,50,49,4,9,50	
110	제10관	93,94	99	11,9	1,999	5	60	1190	1	23,1,1,100,1,15,1,1,80,1,25,4,1,12,1,43,4,1,35,1,15,1,1,100,2,114,5,1,15,2,38,4,1,7,2,4,4,1,30,2,25,4,1,25,2,43,4,1,35,2	11-10.tmx	1000112	93 	14 	1000049	93 	14	1000050	93	14	1102	13	2102	13	3102	13	20 	0	0.3	5	2995	101,1,1,40,96,1,1,40,93,1,1,40,42,4,5,50,38,4,9,80	
111	제1관	95	99	11,10	1,999	5	68	1200	1	24,1,1,100,1,34,1,1,20,1,16,4,1,12,1,43,4,1,35,1,34,1,1,40,2,117,5,1,15,2,38,4,1,7,2,4,4,1,30,2,16,4,1,25,2,43,4,1,35,2	12-01.tmx	1000066	115 	14 	1000050	115 	14	1000051	115	14	1102	13	2102	13	3102	13	20 	0	0.3	5	3007	89,1,1,40,91,1,1,40,110,1,1,40,42,4,6,50,47,4,15,80	
112	제2관	0	99	12,1	1,999	5	68	1210	1	25,1,1,100,1,35,1,1,20,1,19,4,1,12,1,43,4,1,35,1,35,1,1,40,2,117,5,1,15,2,38,4,1,7,2,4,4,1,30,2,19,4,1,25,2,43,4,1,35,2	12-02.tmx	1000050	112 	15 	1000051	112 	15	1000052	112	15	1102	13	2102	13	3102	13	20 	0	0.3	5	3020	89,1,1,40,91,1,1,40,110,1,1,40,42,4,6,50,47,4,15,80	
113	제3관	96	99	12,2	1,999	5	68	1220	1	26,1,1,100,1,36,1,1,20,1,25,4,1,12,1,43,4,1,35,1,36,1,1,40,2,117,5,1,15,2,38,4,1,7,2,4,4,1,30,2,25,4,1,25,2,43,4,1,35,2	12-03.tmx	1000057	105 	15 	1000052	105 	15	1000053	105	15	1102	14	2102	14	3102	14	20 	0	0.3	5	3032	89,1,1,40,91,1,1,40,110,1,1,40,42,4,6,50,48,4,15,50	
114	제4관	0	99	12,3	1,999	5	68	1230	1	27,1,1,100,1,37,1,1,20,1,16,4,1,12,1,43,4,1,35,1,37,1,1,40,2,117,5,1,15,2,38,4,1,7,2,4,4,1,30,2,16,4,1,25,2,43,4,1,35,2	12-04.tmx	1000051	110 	15 	1000053	110 	15	1000054	110	15	1102	14	2102	14	3102	14	20 	0	0.3	5	3045	89,1,1,40,91,1,1,40,110,1,1,40,42,4,6,50,48,4,15,50	
115	제5관	97,98	99	12,4	1,999	5	68	1240	1	28,1,1,100,1,38,1,1,20,1,19,4,1,12,1,43,4,1,35,1,38,1,1,40,2,117,5,1,15,2,38,4,1,7,2,4,4,1,30,2,19,4,1,25,2,43,4,1,35,2	12-05.tmx	1000050	109 	15 	1000054	109 	15	1000055	109	15	1102	14	2102	14	3102	14	20 	0	0.3	5	3057	89,1,1,40,91,1,1,40,110,1,1,40,42,4,6,50,38,4,10,80	
116	제6관	99	99	12,5	1,999	5	68	1250	1	29,1,1,100,1,39,1,1,20,1,25,4,1,12,1,43,4,1,35,1,39,1,1,40,2,117,5,1,15,2,38,4,1,7,2,4,4,1,30,2,25,4,1,25,2,43,4,1,35,2	12-06.tmx	1000064	108 	16 	1000055	108 	16	1000056	108	16	1102	15	2102	15	3102	15	20 	0	0.3	5	3070	89,1,1,40,91,1,1,40,110,1,1,40,42,4,6,50,50,4,10,50	
117	제7관	0	99	12,6	1,999	5	68	1260	1	30,1,1,100,1,32,1,1,20,1,16,4,1,12,1,43,4,1,35,1,32,1,1,40,2,117,5,1,15,2,38,4,1,7,2,4,4,1,30,2,16,4,1,25,2,43,4,1,35,2	12-07.tmx	1000040	115 	16 	1000056	115 	16	1000057	115	16	1102	15	2102	15	3102	15	20 	0	0.3	5	3082	89,1,1,40,91,1,1,40,110,1,1,40,42,4,6,50,50,4,10,50	
118	제8관	0	99	12,7	1,999	5	68	1270	1	31,1,1,100,1,33,1,1,20,1,19,4,1,12,1,43,4,1,35,1,33,1,1,40,2,117,5,1,15,2,38,4,1,7,2,4,4,1,30,2,19,4,1,25,2,43,4,1,35,2	12-08.tmx	1000065	110 	16 	1000057	110 	16	1000058	110	16	1102	15	2102	15	3102	15	20 	0	0.3	5	3095	89,1,1,40,91,1,1,40,110,1,1,40,42,4,6,50,49,4,10,50	
119	제9관	0	99	12,8	1,999	5	68	1280	1	22,1,1,100,1,34,1,1,20,1,25,4,1,12,1,43,4,1,35,1,34,1,1,40,2,117,5,1,15,2,38,4,1,7,2,4,4,1,30,2,25,4,1,25,2,43,4,1,35,2	12-09.tmx	1000049	113 	16 	1000058	113 	16	1000059	113	16	1102	15	2102	15	3102	15	20 	0	0.3	5	3107	89,1,1,40,91,1,1,40,110,1,1,40,42,4,6,50,49,4,10,50	
120	제10관	100,101	99	12,9	1,999	5	68	1290	1	23,1,1,100,1,35,1,1,20,1,16,4,1,12,1,43,4,1,35,1,35,1,1,40,2,117,5,1,15,2,38,4,1,7,2,4,4,1,30,2,16,4,1,25,2,43,4,1,35,2	12-10.tmx	1000104	94 	17 	1000059	94 	17	1000063	94	17	1102	16	2102	16	3102	16	20 	0	0.3	5	3120	89,1,1,40,91,1,1,40,110,1,1,40,42,4,6,50,38,4,11,80	
121	제1관	102	99	12,10	1,999	5	79	1300	1	24,1,1,100,1,36,1,1,25,1,19,4,1,12,1,43,4,1,35,1,36,1,1,50,2,118,5,1,15,2,38,4,1,7,2,4,4,1,30,2,19,4,1,25,2,43,4,1,35,2	13-01.tmx	1000100	82 	17 	1000074	82 	17	1000075	82	17	1102	16	2102	16	3102	16	20 	0	0.3	5	3132	77,1,1,40,82,1,1,40,90,1,1,40,42,4,7,50,47,4,16,80	
122	제2관	0	99	13,1	1,999	5	79	1310	1	25,1,1,100,1,37,1,1,25,1,25,4,1,12,1,43,4,1,35,1,37,1,1,50,2,118,5,1,15,2,38,4,1,7,2,4,4,1,30,2,25,4,1,25,2,43,4,1,35,2	13-02.tmx	1000074	79 	17 	1000075	79 	17	1000076	79	17	1102	16	2102	16	3102	16	20 	0	0.3	5	3145	77,1,1,40,82,1,1,40,90,1,1,40,42,4,7,50,47,4,16,80	
123	제3관	103	99	13,2	1,999	5	79	1320	1	26,1,1,100,1,38,1,1,25,1,16,4,1,12,1,43,4,1,35,1,38,1,1,50,2,118,5,1,15,2,38,4,1,7,2,4,4,1,30,2,16,4,1,25,2,43,4,1,35,2	13-03.tmx	1000078	77 	17 	1000076	77 	17	1000077	77	17	1102	17	2102	17	3102	17	20 	0	0.3	5	3157	77,1,1,40,82,1,1,40,90,1,1,40,42,4,7,50,48,4,16,50	
124	제4관	0	99	13,3	1,999	5	79	1330	1	27,1,1,100,1,39,1,1,25,1,19,4,1,12,1,43,4,1,35,1,39,1,1,50,2,118,5,1,15,2,38,4,1,7,2,4,4,1,30,2,19,4,1,25,2,43,4,1,35,2	13-04.tmx	1000090	75 	18 	1000077	75 	18	1000078	75	18	1102	17	2102	17	3102	17	20 	0	0.3	5	3170	77,1,1,40,82,1,1,40,90,1,1,40,42,4,7,50,48,4,16,50	
125	제5관	104,105	99	13,4	1,999	5	79	1340	1	28,1,1,100,1,32,1,1,25,1,25,4,1,12,1,43,4,1,35,1,47,4,1,60,2,118,5,1,15,2,38,4,1,7,2,4,4,1,30,2,25,4,1,25,2,43,4,1,35,2	13-05.tmx	1000077	81 	18 	1000078	81 	18	1000079	81	18	1102	17	2102	17	3102	17	20 	0	0.3	5	3182	77,1,1,40,82,1,1,40,90,1,1,40,42,4,7,50,38,4,12,80	
126	제6관	106	99	13,5	1,999	5	79	1350	1	29,1,1,100,1,33,1,1,25,1,16,4,1,12,1,43,4,1,35,1,33,1,1,50,2,118,5,1,15,2,38,4,1,7,2,4,4,1,30,2,16,4,1,25,2,43,4,1,35,2	13-06.tmx	1000090	89 	18 	1000079	89 	18	1000080	89	18	1102	18	2102	18	3102	18	20 	0	0.3	5	3195	77,1,1,40,82,1,1,40,90,1,1,40,42,4,7,50,50,4,11,50	
127	제7관	0	99	13,6	1,999	5	79	1360	1	30,1,1,100,1,34,1,1,25,1,19,4,1,12,1,43,4,1,35,1,34,1,1,50,2,118,5,1,15,2,38,4,1,7,2,4,4,1,30,2,19,4,1,25,2,43,4,1,35,2	13-07.tmx	1000095	94 	18 	1000080	94 	18	1000081	94	18	1102	18	2102	18	3102	18	20 	0	0.3	5	3207	77,1,1,40,82,1,1,40,90,1,1,40,42,4,7,50,50,4,11,50	
128	제8관	0	99	13,7	1,999	5	79	1370	1	31,1,1,100,1,35,1,1,25,1,25,4,1,12,1,43,4,1,35,1,35,1,1,50,2,118,5,1,15,2,38,4,1,7,2,4,4,1,30,2,25,4,1,25,2,43,4,1,35,2	13-08.tmx	1000084	93 	19 	1000081	93 	19	1000082	93	19	1102	18	2102	18	3102	18	20 	0	0.3	5	3220	77,1,1,40,82,1,1,40,90,1,1,40,42,4,7,50,49,4,11,50	
129	제9관	0	99	13,8	1,999	5	79	1380	1	14,1,1,100,1,36,1,1,25,1,16,4,1,12,1,43,4,1,35,1,36,1,1,50,2,118,5,1,15,2,38,4,1,7,2,4,4,1,30,2,16,4,1,25,2,43,4,1,35,2	13-09.tmx	1000074	104 	19 	1000082	104 	19	1000083	104	19	1102	18	2102	18	3102	18	20 	0	0.3	5	3232	77,1,1,40,82,1,1,40,90,1,1,40,42,4,7,50,49,4,11,50	
130	제10관	107,108	99	13,9	1,999	5	79	1390	1	15,1,1,100,1,37,1,1,25,1,19,4,1,12,1,43,4,1,35,1,48,4,1,60,2,118,5,1,15,2,38,4,1,7,2,4,4,1,30,2,19,4,1,25,2,43,4,1,35,2	13-10.tmx	1000083	103 	19 	1000089	103 	19	1000085	103	19	1102	19	2102	19	3102	19	20 	0	0.3	5	3245	77,1,1,40,82,1,1,40,90,1,1,40,42,4,7,50,38,4,13,80	
131	제1관	109	99	13,10	1,999	5	91	1400	1	16,1,1,100,1,38,1,1,30,1,25,4,1,12,1,43,4,1,35,1,36,1,1,60,2,126,5,1,15,2,38,4,1,7,2,4,4,1,30,2,25,4,1,25,2,43,4,1,35,2	14-01.tmx	1000075	94 	19 	1000085	94 	19	1000086	94	19	1102	19	2102	19	3102	19	20 	0	0.3	5	3255	87,1,1,40,83,1,1,40,92,1,1,40,42,4,8,50,47,4,17,80	
132	제2관	0	99	14,1	1,999	5	91	1410	1	17,1,1,100,1,39,1,1,30,1,16,4,1,12,1,43,4,1,35,1,37,1,1,60,2,126,5,1,15,2,38,4,1,7,2,4,4,1,30,2,16,4,1,25,2,43,4,1,35,2	14-02.tmx	1000082	98 	20 	1000086	98 	20	1000087	98	20	1102	19	2102	19	3102	19	20 	0	0.3	5	3265	87,1,1,40,83,1,1,40,92,1,1,40,42,4,8,50,47,4,17,80	
133	제3관	110	99	14,2	1,999	5	91	1420	1	18,1,1,100,1,32,1,1,30,1,19,4,1,12,1,43,4,1,35,1,38,1,1,60,2,126,5,1,15,2,38,4,1,7,2,4,4,1,30,2,19,4,1,25,2,43,4,1,35,2	14-03.tmx	1000104	96 	20 	1000087	96 	20	1000088	96	20	1102	19	2102	19	3102	19	20 	0	0.3	5	3275	87,1,1,40,83,1,1,40,92,1,1,40,42,4,8,50,48,4,17,50	
134	제4관	0	99	14,3	1,999	5	91	1430	1	19,1,1,100,1,33,1,1,30,1,25,4,1,12,1,43,4,1,35,1,39,1,1,60,2,126,5,1,15,2,38,4,1,7,2,4,4,1,30,2,25,4,1,25,2,43,4,1,35,2	14-04.tmx	1000082	105 	20 	1000088	105 	20	1000089	105	20	1102	19	2102	19	3102	19	20 	0	0.3	5	3285	87,1,1,40,83,1,1,40,92,1,1,40,42,4,8,50,48,4,17,50	
135	제5관	111,112	99	14,4	1,999	5	91	1440	1	20,1,1,100,1,34,1,1,30,1,16,4,1,12,1,43,4,1,35,1,47,4,1,60,2,126,5,1,15,2,38,4,1,7,2,4,4,1,30,2,16,4,1,25,2,43,4,1,35,2	14-05.tmx	1000089	99 	20 	1000083	99 	20	1000090	99	20	1102	19	2102	19	3102	19	20 	0	0.3	5	3295	87,1,1,40,83,1,1,40,92,1,1,40,42,4,8,50,38,4,14,80	
136	제6관	113	99	14,5	1,999	5	91	1450	1	21,1,1,100,1,35,1,1,30,1,19,4,1,12,1,43,4,1,35,1,33,1,1,60,2,126,5,1,15,2,38,4,1,7,2,4,4,1,30,2,19,4,1,25,2,43,4,1,35,2	14-06.tmx	1000091	94 	20 	1000090	94 	20	1000075	94	20	1102	19	2102	19	3102	19	20 	0	0.3	5	3305	87,1,1,40,83,1,1,40,92,1,1,40,42,4,8,50,50,4,12,50	
137	제7관	0	99	14,6	1,999	5	91	1460	1	22,1,1,100,1,36,1,1,30,1,25,4,1,12,1,43,4,1,35,1,34,1,1,60,2,126,5,1,15,2,38,4,1,7,2,4,4,1,30,2,25,4,1,25,2,43,4,1,35,2	14-07.tmx	1000087	96 	21 	1000091	96 	21	1000092	96	21	1102	19	2102	19	3102	19	20 	0	0.3	5	3315	87,1,1,40,83,1,1,40,92,1,1,40,42,4,8,50,50,4,12,50	
138	제8관	0	99	14,7	1,999	5	91	1470	1	23,1,1,100,1,37,1,1,30,1,16,4,1,12,1,43,4,1,35,1,35,1,1,60,2,126,5,1,15,2,38,4,1,7,2,4,4,1,30,2,16,4,1,25,2,43,4,1,35,2	14-08.tmx	1000111	100 	21 	1000092	100 	21	1000093	100	21	1102	19	2102	19	3102	19	20 	0	0.3	5	3325	87,1,1,40,83,1,1,40,92,1,1,40,42,4,8,50,49,4,12,50	
139	제9관	114	99	14,8	1,999	5	91	1480	1	24,1,1,100,1,38,1,1,30,1,19,4,1,12,1,43,4,1,35,1,36,1,1,60,2,126,5,1,15,2,38,4,1,7,2,4,4,1,30,2,19,4,1,25,2,43,4,1,35,2	14-09.tmx	1000092	100 	21 	1000093	100 	21	1000094	100	21	1102	19	2102	19	3102	19	20 	0	0.3	5	3335	87,1,1,40,83,1,1,40,92,1,1,40,42,4,8,50,49,4,12,50	
140	제10관	115,116	99	14,9	1,999	5	91	1490	1	25,1,1,100,1,39,1,1,30,1,25,4,1,12,1,43,4,1,35,1,48,4,1,60,2,126,5,1,15,2,38,4,1,7,2,4,4,1,30,2,25,4,1,25,2,43,4,1,35,2	14-10.tmx	1000088	103 	21 	1000094	103 	21	1000095	103	21	1102	20	2102	20	3102	20	20 	0	0.3	5	3345	87,1,1,40,83,1,1,40,92,1,1,40,42,4,8,50,38,4,15,80	
141	제1관	117	99	14,10	1,999	5	109	1500	1	26,1,1,100,1,32,1,1,35,1,16,4,1,12,1,43,4,1,35,1,36,1,1,70,2,124,5,1,15,2,38,4,1,7,2,4,4,1,30,2,16,4,1,25,2,43,4,1,35,2	15-01.tmx	1000100	109 	21 	1000095	109 	21	1000096	109	21	1102	20	2102	20	3102	20	20 	0	0.3	5	3355	97,1,1,40,103,1,1,40,106,1,1,40,42,4,9,50,47,4,18,80	
142	제2관	118	99	15,1	1,999	5	109	1510	1	27,1,1,100,1,33,1,1,35,1,19,4,1,12,1,43,4,1,35,1,37,1,1,70,2,124,5,1,15,2,38,4,1,7,2,4,4,1,30,2,19,4,1,25,2,43,4,1,35,2	15-02.tmx	1000087	98 	21 	1000096	98 	21	1000097	98	21	1102	20	2102	20	3102	20	20 	0	0.3	5	3365	97,1,1,40,103,1,1,40,106,1,1,40,42,4,9,50,47,4,18,80	
143	제3관	0	99	15,2	1,999	5	109	1520	1	28,1,1,100,1,34,1,1,35,1,25,4,1,12,1,43,4,1,35,1,38,1,1,70,2,124,5,1,15,2,38,4,1,7,2,4,4,1,30,2,25,4,1,25,2,43,4,1,35,2	15-03.tmx	1000083	99 	22 	1000097	99 	22	1000098	99	22	1102	20	2102	20	3102	20	20 	0	0.3	5	3375	97,1,1,40,103,1,1,40,106,1,1,40,42,4,9,50,48,4,18,50	
144	제4관	0	99	15,3	1,999	5	109	1530	1	29,1,1,100,1,35,1,1,35,1,16,4,1,12,1,43,4,1,35,1,39,1,1,70,2,124,5,1,15,2,38,4,1,7,2,4,4,1,30,2,16,4,1,25,2,43,4,1,35,2	15-04.tmx	1000100	108 	22 	1000098	108 	22	1000099	108	22	1102	20	2102	20	3102	20	20 	0	0.3	5	3385	97,1,1,40,103,1,1,40,106,1,1,40,42,4,9,50,48,4,18,50	
145	제5관	119,120	99	15,4	1,999	5	109	1540	1	30,1,1,100,1,36,1,1,35,1,19,4,1,12,1,43,4,1,35,1,48,4,1,60,2,124,5,1,15,2,38,4,1,7,2,4,4,1,30,2,19,4,1,25,2,43,4,1,35,2	15-05.tmx	1000080	109 	22 	1000099	109 	22	1000100	109	22	1102	20	2102	20	3102	20	20 	0	0.3	5	3395	97,1,1,40,103,1,1,40,106,1,1,40,42,4,9,50,38,4,16,80	
146	제6관	0	99	15,5	1,999	5	109	1550	1	31,1,1,100,1,37,1,1,35,1,25,4,1,12,1,43,4,1,35,1,33,1,1,70,2,124,5,1,15,2,38,4,1,7,2,4,4,1,30,2,25,4,1,25,2,43,4,1,35,2	15-06.tmx	1000111	112 	22 	1000100	112 	22	1000101	112	22	1102	20	2102	20	3102	20	20 	0	0.3	5	3405	97,1,1,40,103,1,1,40,106,1,1,40,42,4,9,50,50,4,13,50	
147	제7관	121,122	99	15,6	1,999	5	109	1560	1	14,1,1,100,1,38,1,1,35,1,16,4,1,12,1,43,4,1,35,1,34,1,1,70,2,124,5,1,15,2,38,4,1,7,2,4,4,1,30,2,16,4,1,25,2,43,4,1,35,2	15-07.tmx	1000098	112 	22 	1000101	112 	22	1000102	112	22	1102	20	2102	20	3102	20	20 	0	0.3	5	3415	97,1,1,40,103,1,1,40,106,1,1,40,42,4,9,50,50,4,13,50	
148	제8관	123	99	15,7	1,999	5	109	1570	1	15,1,1,100,1,39,1,1,35,1,19,4,1,12,1,43,4,1,35,1,35,1,1,70,2,124,5,1,15,2,38,4,1,7,2,4,4,1,30,2,19,4,1,25,2,43,4,1,35,2	15-08.tmx	1000100	121 	23 	1000102	121 	23	1000103	121	23	1102	20	2102	20	3102	20	20 	0	0.3	5	3425	97,1,1,40,103,1,1,40,106,1,1,40,42,4,9,50,49,4,13,50	
149	제9관	0	99	15,8	1,999	5	109	1580	1	16,1,1,100,1,32,1,1,35,1,25,4,1,12,1,43,4,1,35,1,36,1,1,70,2,124,5,1,15,2,38,4,1,7,2,4,4,1,30,2,25,4,1,25,2,43,4,1,35,2	15-09.tmx	1000096	112 	23 	1000103	112 	23	1000104	112	23	1102	20	2102	20	3102	20	20 	0	0.3	5	3435	97,1,1,40,103,1,1,40,106,1,1,40,42,4,9,50,49,4,13,50	
150	제10관	124,125	99	15,9	1,999	5	109	1590	1	17,1,1,100,1,33,1,1,35,1,16,4,1,12,1,43,4,1,35,1,49,4,1,60,2,124,5,1,15,2,38,4,1,7,2,4,4,1,30,2,16,4,1,25,2,43,4,1,35,2	15-10.tmx	1000088	111 	23 	1000104	111 	23	1000105	111	23	1103	1	2103	1	3103	1	20 	0	0.3	5	3445	97,1,1,40,103,1,1,40,106,1,1,40,42,4,9,50,38,4,17,80	
151	제1관	126,127	99	15,10	1,999	5	125	1600	1	18,1,1,100,1,34,1,1,40,1,19,4,1,12,1,43,4,1,35,1,34,1,1,80,2,123,5,1,15,2,38,4,1,7,2,4,4,1,30,2,19,4,1,25,2,43,4,1,35,2	16-01.tmx	1000087	109 	23 	1000105	109 	23	1000106	109	23	1103	1	2103	1	3103	1	20 	0	0.3	5	3455	108,1,1,40,79,1,1,40,81,1,1,40,42,4,10,50,47,4,19,80	
152	제2관	128	99	16,1	1,999	5	125	1610	1	19,1,1,100,1,35,1,1,40,1,25,4,1,12,1,43,4,1,35,1,35,1,1,80,2,123,5,1,15,2,38,4,1,7,2,4,4,1,30,2,25,4,1,25,2,43,4,1,35,2	16-02.tmx	1000097	99 	24 	1000106	99 	24	1000107	99	24	1103	2	2103	2	3103	2	20 	0	0.3	5	3465	108,1,1,40,79,1,1,40,81,1,1,40,42,4,10,50,47,4,19,80	
153	제3관	129	99	16,2	1,999	5	125	1620	1	20,1,1,100,1,36,1,1,40,1,16,4,1,12,1,43,4,1,35,1,36,1,1,80,2,123,5,1,15,2,38,4,1,7,2,4,4,1,30,2,16,4,1,25,2,43,4,1,35,2	16-03.tmx	1000096	106 	24 	1000107	106 	24	1000108	106	24	1103	2	2103	2	3103	2	20 	0	0.3	5	3475	108,1,1,40,79,1,1,40,81,1,1,40,42,4,10,50,48,4,19,50	
154	제4관	0	99	16,3	1,999	5	125	1630	1	21,1,1,100,1,37,1,1,40,1,19,4,1,12,1,43,4,1,35,1,37,1,1,80,2,123,5,1,15,2,38,4,1,7,2,4,4,1,30,2,19,4,1,25,2,43,4,1,35,2	16-04.tmx	1000089	107 	24 	1000108	107 	24	1000109	107	24	1103	3	2103	3	3103	3	20 	0	0.3	5	3485	108,1,1,40,79,1,1,40,81,1,1,40,42,4,10,50,48,4,19,50	
155	제5관	130,131	99	16,4	1,999	5	125	1640	1	22,1,1,100,1,38,1,1,40,1,25,4,1,12,1,43,4,1,35,1,48,4,1,60,2,123,5,1,15,2,38,4,1,7,2,4,4,1,30,2,25,4,1,25,2,43,4,1,35,2	16-05.tmx	1000082	114 	24 	1000109	114 	24	1000110	114	24	1103	3	2103	3	3103	3	20 	0	0.3	5	3495	108,1,1,40,79,1,1,40,81,1,1,40,42,4,10,50,38,4,18,80	
156	제6관	132	99	16,5	1,999	5	125	1650	1	23,1,1,100,1,39,1,1,40,1,16,4,1,12,1,43,4,1,35,1,39,1,1,80,2,123,5,1,15,2,38,4,1,7,2,4,4,1,30,2,16,4,1,25,2,43,4,1,35,2	16-06.tmx	1000078	110 	24 	1000110	110 	24	1000111	110	24	1103	4	2103	4	3103	4	20 	0	0.3	5	3505	108,1,1,40,79,1,1,40,81,1,1,40,42,4,10,50,50,4,14,50	
157	제7관	0	99	16,6	1,999	5	125	1660	1	24,1,1,100,1,32,1,1,40,1,19,4,1,12,1,43,4,1,35,1,32,1,1,80,2,123,5,1,15,2,38,4,1,7,2,4,4,1,30,2,19,4,1,25,2,43,4,1,35,2	16-07.tmx	1000102	117 	24 	1000111	117 	24	1000112	117	24	1103	4	2103	4	3103	4	20 	0	0.3	5	3515	108,1,1,40,79,1,1,40,81,1,1,40,42,4,10,50,50,4,14,50	
158	제8관	133	99	16,7	1,999	5	125	1670	1	25,1,1,100,1,33,1,1,40,1,25,4,1,12,1,43,4,1,35,1,33,1,1,80,2,123,5,1,15,2,38,4,1,7,2,4,4,1,30,2,25,4,1,25,2,43,4,1,35,2	16-08.tmx	1000095	111 	25 	1000112	111 	25	1000113	111	25	1103	5	2103	5	3103	5	20 	0	0.3	5	3525	108,1,1,40,79,1,1,40,81,1,1,40,42,4,10,50,49,4,14,50	
159	제9관	134	99	16,8	1,999	5	125	1680	1	26,1,1,100,1,34,1,1,40,1,16,4,1,12,1,43,4,1,35,1,34,1,1,80,2,123,5,1,15,2,38,4,1,7,2,4,4,1,30,2,16,4,1,25,2,43,4,1,35,2	16-09.tmx	1000094	118 	25 	1000113	118 	25	1000074	118	25	1103	5	2103	5	3103	5	20 	0	0.3	5	3535	108,1,1,40,79,1,1,40,81,1,1,40,42,4,10,50,49,4,14,50	
160	제10관	135,136	99	16,9	1,999	5	125	1690	1	27,1,1,100,1,35,1,1,40,1,19,4,1,12,1,43,4,1,35,1,49,4,1,60,2,123,5,1,15,2,38,4,1,7,2,4,4,1,30,2,19,4,1,25,2,43,4,1,35,2	16-10.tmx	1000088	111 	25 	1000074	111 	25	1000075	111	25	1103	6	2103	6	3103	6	20 	0	0.3	5	3545	108,1,1,40,79,1,1,40,81,1,1,40,42,4,10,50,38,4,19,80	
161	제1관	137	99	16,10	1,999	5	135	1700	1	28,1,1,100,1,36,1,1,45,1,25,4,1,12,1,43,4,1,35,1,36,1,1,90,2,131,5,1,15,2,38,4,1,7,2,4,4,1,30,2,25,4,1,25,2,43,4,1,35,2	17-01.tmx	1000085	121 	25 	1000087	121 	25	1000076	121	25	1103	6	2103	6	3103	6	20 	0	0.3	5	3570	81,1,1,40,75,1,1,40,78,1,1,40,42,4,11,50,47,4,20,80	
162	제2관	0	99	17,1	1,999	5	135	1710	1	29,1,1,100,1,37,1,1,45,1,16,4,1,12,1,43,4,1,35,1,37,1,1,90,2,131,5,1,15,2,38,4,1,7,2,4,4,1,30,2,16,4,1,25,2,43,4,1,35,2	17-02.tmx	1000099	125 	25 	1000081	125 	25	1000077	125	25	1103	6	2103	6	3103	6	20 	0	0.3	5	3595	81,1,1,40,75,1,1,40,78,1,1,40,42,4,11,50,47,4,20,80	
163	제3관	138	99	17,2	1,999	5	135	1720	1	30,1,1,100,1,38,1,1,45,1,19,4,1,12,1,43,4,1,35,1,38,1,1,90,2,131,5,1,15,2,38,4,1,7,2,4,4,1,30,2,19,4,1,25,2,43,4,1,35,2	17-03.tmx	1000104	134 	25 	1000077	134 	25	1000080	134	25	1103	7	2103	7	3103	7	20 	0	0.3	5	3620	81,1,1,40,75,1,1,40,78,1,1,40,42,4,11,50,48,4,20,50	
164	제4관	139	99	17,3	1,999	5	135	1730	1	31,1,1,100,1,39,1,1,45,1,25,4,1,12,1,43,4,1,35,1,39,1,1,90,2,131,5,1,15,2,38,4,1,7,2,4,4,1,30,2,25,4,1,25,2,43,4,1,35,2	17-04.tmx	1000085	147 	25 	1000080	147 	25	1000079	147	25	1103	7	2103	7	3103	7	20 	0	0.3	5	3645	81,1,1,40,75,1,1,40,78,1,1,40,42,4,11,50,48,4,20,50	
165	제5관	0	99	17,4	1,999	5	135	1740	1	14,1,1,100,1,32,1,1,45,1,16,4,1,12,1,43,4,1,35,1,48,4,1,60,2,131,5,1,15,2,38,4,1,7,2,4,4,1,30,2,16,4,1,25,2,43,4,1,35,2	17-05.tmx	1000097	146 	25 	1000079	146 	25	1000080	146	25	1103	8	2103	8	3103	8	20 	0	0.3	5	3670	81,1,1,40,75,1,1,40,78,1,1,40,42,4,11,50,38,4,20,80	
166	제6관	0	99	17,5	1,999	5	135	1750	1	15,1,1,100,1,33,1,1,45,1,19,4,1,12,1,43,4,1,35,1,33,1,1,90,2,131,5,1,15,2,38,4,1,7,2,4,4,1,30,2,19,4,1,25,2,43,4,1,35,2	17-06.tmx	1000087	154 	25 	1000080	154 	25	1000081	154	25	1103	9	2103	9	3103	9	20 	0	0.3	5	3695	81,1,1,40,75,1,1,40,78,1,1,40,42,4,11,50,50,4,15,50	
167	제7관	140	99	17,6	1,999	5	135	1760	1	16,1,1,100,1,34,1,1,45,1,25,4,1,12,1,43,4,1,35,1,34,1,1,90,2,131,5,1,15,2,38,4,1,7,2,4,4,1,30,2,25,4,1,25,2,43,4,1,35,2	17-07.tmx	1000096	169 	25 	1000081	169 	25	1000082	169	25	1103	9	2103	9	3103	9	20 	0	0.3	5	3720	81,1,1,40,75,1,1,40,78,1,1,40,42,4,11,50,50,4,15,50	
168	제8관	0	99	17,7	1,999	5	135	1770	1	17,1,1,100,1,35,1,1,45,1,16,4,1,12,1,43,4,1,35,1,35,1,1,90,2,131,5,1,15,2,38,4,1,7,2,4,4,1,30,2,16,4,1,25,2,43,4,1,35,2	17-08.tmx	1000097	176 	25 	1000082	176 	25	1000083	176	25	1103	10	2103	10	3103	10	20 	0	0.3	5	3745	81,1,1,40,75,1,1,40,78,1,1,40,42,4,11,50,49,4,15,50	
169	제9관	142	99	17,8	1,999	5	135	1780	1	18,1,1,100,1,36,1,1,45,1,19,4,1,12,1,43,4,1,35,1,36,1,1,90,2,131,5,1,15,2,38,4,1,7,2,4,4,1,30,2,19,4,1,25,2,43,4,1,35,2	17-09.tmx	1000107	187 	25 	1000083	187 	25	1000085	187	25	1103	10	2103	10	3103	10	20 	0	0.3	5	3770	81,1,1,40,75,1,1,40,78,1,1,40,42,4,11,50,49,4,15,50	
170	제10관	143,144	99	17,9	1,999	5	144	1790	1	19,1,1,100,1,37,1,1,45,1,25,4,1,12,1,43,4,1,35,1,49,4,1,60,2,131,5,1,15,2,38,4,1,7,2,4,4,1,30,2,25,4,1,25,2,43,4,1,35,2	17-10.tmx	1000085	189 	26 	1000095	189 	26	1000080	189	26	1103	11	2103	11	3103	11	20 	0	0.3	5	3795	81,1,1,40,75,1,1,40,78,1,1,40,42,4,11,50,38,4,21,80	
171	제1관	145	99	17,10	1,999	5	144	1800	1	20,1,1,100,1,38,1,1,45,1,16,4,1,12,1,43,4,1,35,1,38,1,1,90,2,115,5,1,15,2,38,4,1,7,2,4,4,1,30,2,16,4,1,25,2,43,4,1,35,2	18-01.tmx	1000050	213 	26 	1000078	213 	26	1000082	213	26	1103	11	2103	11	3103	11	20 	0	0.3	5	3820	78,1,1,40,84,1,1,40,85,1,1,40,42,4,12,50,47,4,21,80	
172	제2관	0	99	18,1	1,999	5	144	1810	1	21,1,1,100,1,39,1,1,45,1,19,4,1,12,1,43,4,1,35,1,39,1,1,90,2,115,5,1,15,2,38,4,1,7,2,4,4,1,30,2,19,4,1,25,2,43,4,1,35,2	18-02.tmx	1000092	200 	26 	1000087	200 	26	1000111	200	26	1103	11	2103	11	3103	11	20 	0	0.3	5	3845	78,1,1,40,84,1,1,40,85,1,1,40,42,4,12,50,47,4,21,80	
173	제3관	146	99	18,2	1,999	5	144	1820	1	22,1,1,100,1,32,1,1,45,1,25,4,1,12,1,43,4,1,35,1,32,1,1,90,2,115,5,1,15,2,38,4,1,7,2,4,4,1,30,2,25,4,1,25,2,43,4,1,35,2	18-03.tmx	1000103	222 	26 	1000088	222 	26	1000089	222	26	1103	11	2103	11	3103	11	20 	0	0.3	5	3870	78,1,1,40,84,1,1,40,85,1,1,40,42,4,12,50,48,4,21,50	
174	제4관	147	99	18,3	1,999	5	144	1830	1	23,1,1,100,1,33,1,1,45,1,16,4,1,12,1,43,4,1,35,1,33,1,1,90,2,115,5,1,15,2,38,4,1,7,2,4,4,1,30,2,16,4,1,25,2,43,4,1,35,2	18-04.tmx	1000090	218 	26 	1000089	218 	26	1000088	218	26	1103	11	2103	11	3103	11	20 	0	0.3	5	3895	78,1,1,40,84,1,1,40,85,1,1,40,42,4,12,50,48,4,21,50	
175	제5관	148	99	18,4	1,999	5	144	1840	1	24,1,1,100,1,34,1,1,45,1,19,4,1,12,1,43,4,1,35,1,48,4,1,60,2,115,5,1,15,2,38,4,1,7,2,4,4,1,30,2,19,4,1,25,2,43,4,1,35,2	18-05.tmx	1000107	216 	27 	1000090	216 	27	1000091	216	27	1103	11	2103	11	3103	11	20 	0	0.3	5	3920	78,1,1,40,84,1,1,40,85,1,1,40,42,4,12,50,38,4,22,80	
176	제6관	149	99	18,5	1,999	5	144	1850	1	25,1,1,100,1,35,1,1,45,1,25,4,1,12,1,43,4,1,35,1,35,1,1,90,2,115,5,1,15,2,38,4,1,7,2,4,4,1,30,2,25,4,1,25,2,43,4,1,35,2	18-06.tmx	1000090	227 	27 	1000091	227 	27	1000111	227	27	1103	12	2103	12	3103	12	20 	0	0.3	5	3945	78,1,1,40,84,1,1,40,85,1,1,40,42,4,12,50,50,4,16,50	
177	제7관	0	99	18,6	1,999	5	144	1860	1	26,1,1,100,1,36,1,1,45,1,16,4,1,12,1,43,4,1,35,1,36,1,1,90,2,115,5,1,15,2,38,4,1,7,2,4,4,1,30,2,16,4,1,25,2,43,4,1,35,2	18-07.tmx	1000104	237 	27 	1000111	237 	27	1000091	237	27	1103	12	2103	12	3103	12	20 	0	0.3	5	3970	78,1,1,40,84,1,1,40,85,1,1,40,42,4,12,50,50,4,16,50	
178	제8관	150	99	18,7	1,999	5	144	1870	1	27,1,1,100,1,37,1,1,45,1,19,4,1,12,1,43,4,1,35,1,37,1,1,90,2,115,5,1,15,2,38,4,1,7,2,4,4,1,30,2,19,4,1,25,2,43,4,1,35,2	18-08.tmx	1000092	235 	27 	1000088	235 	27	1000094	235	27	1103	12	2103	12	3103	12	20 	0	0.3	5	3995	78,1,1,40,84,1,1,40,85,1,1,40,42,4,12,50,49,4,16,50	
179	제9관	151	99	18,8	1,999	5	144	1880	1	28,1,1,100,1,38,1,1,45,1,25,4,1,12,1,43,4,1,35,1,38,1,1,90,2,115,5,1,15,2,38,4,1,7,2,4,4,1,30,2,25,4,1,25,2,43,4,1,35,2	18-09.tmx	1000104	237 	27 	1000094	237 	27	1000095	237	27	1103	12	2103	12	3103	12	20 	0	0.3	5	4020	78,1,1,40,84,1,1,40,85,1,1,40,42,4,12,50,49,4,16,50	
180	제10관	152	99	18,9	1,999	5	152	1890	1	29,1,1,100,1,39,1,1,45,1,16,4,1,12,1,43,4,1,35,1,49,4,1,60,2,115,5,1,15,2,38,4,1,7,2,4,4,1,30,2,16,4,1,25,2,43,4,1,35,2	18-10.tmx	1000104	233 	28 	1000095	233 	28	1000086	233	28	1103	13	2103	13	3103	13	20 	0	0.3	5	4045	78,1,1,40,84,1,1,40,85,1,1,40,42,4,12,50,38,4,23,80	
181	제1관	154	99	18,10	1,999	5	152	1900	1	30,1,1,100,1,32,1,1,50,1,19,4,1,12,1,43,4,1,35,1,32,1,1,100,2,122,5,1,15,2,38,4,1,7,2,4,4,1,30,2,19,4,1,25,2,43,4,1,35,2	19-01.tmx	1000083	245 	28 	1000077	245 	28	1000095	245	28	1103	13	2103	13	3103	13	20 	0	0.3	5	4070	85,1,1,40,86,1,1,40,89,1,1,40,42,4,13,50,47,4,22,80	
182	제2관	0	99	19,1	1,999	5	152	1910	1	31,1,1,100,1,33,1,1,50,1,25,4,1,12,1,43,4,1,35,1,33,1,1,100,2,122,5,1,15,2,38,4,1,7,2,4,4,1,30,2,25,4,1,25,2,43,4,1,35,2	19-02.tmx	1000076	238 	28 	1000097	238 	28	1000078	238	28	1103	13	2103	13	3103	13	20 	0	0.3	5	4095	85,1,1,40,86,1,1,40,89,1,1,40,42,4,13,50,47,4,22,80	
183	제3관	155	99	19,2	1,999	5	152	1920	1	14,1,1,100,1,34,1,1,50,1,16,4,1,12,1,43,4,1,35,1,34,1,1,100,2,122,5,1,15,2,38,4,1,7,2,4,4,1,30,2,16,4,1,25,2,43,4,1,35,2	19-03.tmx	1000096	267 	28 	1000098	267 	28	1000079	267	28	1103	13	2103	13	3103	13	20 	0	0.3	5	4120	85,1,1,40,86,1,1,40,89,1,1,40,42,4,13,50,48,4,22,50	
184	제4관	0	99	19,3	1,999	5	152	1930	1	15,1,1,100,1,35,1,1,50,1,19,4,1,12,1,43,4,1,35,1,35,1,1,100,2,122,5,1,15,2,38,4,1,7,2,4,4,1,30,2,19,4,1,25,2,43,4,1,35,2	19-04.tmx	1000087	269 	28 	1000079	269 	28	1000110	269	28	1103	13	2103	13	3103	13	20 	0	0.3	5	4145	85,1,1,40,86,1,1,40,89,1,1,40,42,4,13,50,48,4,22,50	
185	제5관	156	99	19,4	1,999	5	152	1940	1	16,1,1,100,1,36,1,1,50,1,25,4,1,12,1,43,4,1,35,1,48,4,1,60,2,122,5,1,15,2,38,4,1,7,2,4,4,1,30,2,25,4,1,25,2,43,4,1,35,2	19-05.tmx	1000079	269 	29 	1000083	269 	29	1000099	269	29	1103	13	2103	13	3103	13	20 	0	0.3	5	4170	85,1,1,40,86,1,1,40,89,1,1,40,42,4,13,50,38,4,24,80	
186	제6관	0	99	19,5	1,999	5	152	1950	1	17,1,1,100,1,37,1,1,50,1,16,4,1,12,1,43,4,1,35,1,37,1,1,100,2,122,5,1,15,2,38,4,1,7,2,4,4,1,30,2,16,4,1,25,2,43,4,1,35,2	19-06.tmx	1000083	279 	29 	1000077	279 	29	1000110	279	29	1103	14	2103	14	3103	14	20 	0	0.3	5	4195	85,1,1,40,86,1,1,40,89,1,1,40,42,4,13,50,50,4,17,50	
187	제7관	0	99	19,6	1,999	5	152	1960	1	18,1,1,100,1,38,1,1,50,1,19,4,1,12,1,43,4,1,35,1,38,1,1,100,2,122,5,1,15,2,38,4,1,7,2,4,4,1,30,2,19,4,1,25,2,43,4,1,35,2	19-07.tmx	1000087	286 	29 	1000111	286 	29	1000080	286	29	1103	14	2103	14	3103	14	20 	0	0.3	5	4220	85,1,1,40,86,1,1,40,89,1,1,40,42,4,13,50,50,4,17,50	
188	제8관	0	99	19,7	1,999	5	152	1970	1	19,1,1,100,1,39,1,1,50,1,25,4,1,12,1,43,4,1,35,1,39,1,1,100,2,122,5,1,15,2,38,4,1,7,2,4,4,1,30,2,25,4,1,25,2,43,4,1,35,2	19-08.tmx	1000101	283 	29 	1000104	283 	29	1000075	283	29	1103	14	2103	14	3103	14	20 	0	0.3	5	4245	85,1,1,40,86,1,1,40,89,1,1,40,42,4,13,50,49,4,17,50	
189	제9관	0	99	19,8	1,999	5	152	1980	1	20,1,1,100,1,32,1,1,50,1,16,4,1,12,1,43,4,1,35,1,32,1,1,100,2,122,5,1,15,2,38,4,1,7,2,4,4,1,30,2,16,4,1,25,2,43,4,1,35,2	19-09.tmx	1000074	296 	29 	1000083	296 	29	1000077	296	29	1103	14	2103	14	3103	14	20 	0	0.3	5	4270	85,1,1,40,86,1,1,40,89,1,1,40,42,4,13,50,49,4,17,50	
190	제10관	157,158	99	19,9	1,999	5	152	1990	1	21,1,1,100,1,33,1,1,50,1,19,4,1,12,1,43,4,1,35,1,49,4,1,60,2,122,5,1,15,2,38,4,1,7,2,4,4,1,30,2,19,4,1,25,2,43,4,1,35,2	19-10.tmx	1000083	292 	30 	1000109	292 	30	1000080	292	30	1103	15	2103	15	3103	15	20 	0	0.3	5	4295	85,1,1,40,86,1,1,40,89,1,1,40,42,4,13,50,38,4,25,80	
191	제1관	159	99	19,10	1,999	5	162	2000	1	22,1,1,100,1,34,1,1,50,1,25,4,1,12,1,43,4,1,35,1,32,1,1,100,2,117,5,1,15,2,38,4,1,7,2,4,4,1,30,2,25,4,1,25,2,43,4,1,35,2	20-01.tmx	1000097	300 	30 	1000096	300 	30	1000089	300	30	1103	15	2103	15	3103	15	20 	0	0.3	5	4320	86,1,1,40,89,1,1,40,114,1,1,40,42,4,14,50,47,4,23,80	
192	제2관	0	99	20,1	1,999	5	162	2010	1	23,1,1,100,1,35,1,1,50,1,16,4,1,12,1,43,4,1,35,1,33,1,1,100,2,117,5,1,15,2,38,4,1,7,2,4,4,1,30,2,16,4,1,25,2,43,4,1,35,2	20-02.tmx	1000079	299 	30 	1000107	299 	30	1000108	299	30	1103	15	2103	15	3103	15	20 	0	0.3	5	4345	86,1,1,40,89,1,1,40,114,1,1,40,42,4,14,50,47,4,23,80	
193	제3관	0	99	20,2	1,999	5	162	2020	1	24,1,1,100,1,36,1,1,50,1,19,4,1,12,1,43,4,1,35,1,34,1,1,100,2,117,5,1,15,2,38,4,1,7,2,4,4,1,30,2,19,4,1,25,2,43,4,1,35,2	20-03.tmx	1000090	296 	30 	1000108	296 	30	1000109	296	30	1103	16	2103	16	3103	16	20 	0	0.3	5	4370	86,1,1,40,89,1,1,40,114,1,1,40,42,4,14,50,48,4,23,50	
194	제4관	0	99	20,3	1,999	5	162	2030	1	25,1,1,100,1,37,1,1,50,1,25,4,1,12,1,43,4,1,35,1,35,1,1,100,2,117,5,1,15,2,38,4,1,7,2,4,4,1,30,2,25,4,1,25,2,43,4,1,35,2	20-04.tmx	1000096	307 	30 	1000109	307 	30	1000110	307	30	1103	16	2103	16	3103	16	20 	0	0.3	5	4395	86,1,1,40,89,1,1,40,114,1,1,40,42,4,14,50,48,4,23,50	
195	제5관	160	99	20,4	1,999	5	162	2040	1	26,1,1,100,1,38,1,1,50,1,16,4,1,12,1,43,4,1,35,1,48,4,1,60,2,117,5,1,15,2,38,4,1,7,2,4,4,1,30,2,16,4,1,25,2,43,4,1,35,2	20-05.tmx	1000095	296 	31 	1000087	296 	31	1000080	296	31	1103	17	2103	17	3103	17	20 	0	0.3	5	4420	86,1,1,40,89,1,1,40,114,1,1,40,42,4,14,50,38,4,26,80	
196	제6관	0	99	20,5	1,999	5	162	2050	1	27,1,1,100,1,39,1,1,50,1,19,4,1,12,1,43,4,1,35,1,37,1,1,100,2,117,5,1,15,2,38,4,1,7,2,4,4,1,30,2,19,4,1,25,2,43,4,1,35,2	20-06.tmx	1000093	314 	31 	1000111	314 	31	1000112	314	31	1103	17	2103	17	3103	17	20 	0	0.3	5	4445	86,1,1,40,89,1,1,40,114,1,1,40,42,4,14,50,50,4,18,50	
197	제7관	0	99	20,6	1,999	5	162	2060	1	28,1,1,100,1,32,1,1,50,1,25,4,1,12,1,43,4,1,35,1,38,1,1,100,2,117,5,1,15,2,38,4,1,7,2,4,4,1,30,2,25,4,1,25,2,43,4,1,35,2	20-07.tmx	1000103	325 	31 	1000112	325 	31	1000113	325	31	1103	18	2103	18	3103	18	20 	0	0.3	5	4470	86,1,1,40,89,1,1,40,114,1,1,40,42,4,14,50,50,4,18,50	
198	제8관	0	99	20,7	1,999	5	162	2070	1	29,1,1,100,1,33,1,1,50,1,16,4,1,12,1,43,4,1,35,1,39,1,1,100,2,117,5,1,15,2,38,4,1,7,2,4,4,1,30,2,16,4,1,25,2,43,4,1,35,2	20-08.tmx	1000106	316 	31 	1000113	316 	31	1000074	316	31	1103	18	2103	18	3103	18	20 	0	0.3	5	4495	86,1,1,40,89,1,1,40,114,1,1,40,42,4,14,50,49,4,18,50	
199	제9관	0	99	20,8	1,999	5	162	2080	1	30,1,1,100,1,34,1,1,50,1,19,4,1,12,1,43,4,1,35,1,32,1,1,100,2,117,5,1,15,2,38,4,1,7,2,4,4,1,30,2,19,4,1,25,2,43,4,1,35,2	20-09.tmx	1000103	316 	31 	1000074	316 	31	1000075	316	31	1103	19	2103	19	3103	19	20 	0	0.3	5	4520	86,1,1,40,89,1,1,40,114,1,1,40,42,4,14,50,49,4,18,50	
200	제10관	161,162	99	20,9	1,999	5	162	2090	1	31,1,1,100,1,35,1,1,50,1,25,4,1,12,1,43,4,1,35,1,49,4,1,60,2,117,5,1,15,2,38,4,1,7,2,4,4,1,30,2,25,4,1,25,2,43,4,1,35,2	20-10.tmx	1000095	292 	32 	1000097	292 	32	1000079	292	32	1103	19	2103	19	3103	19	20 	0	0.3	5	4550	86,1,1,40,89,1,1,40,114,1,1,40,42,4,14,50,38,4,27,80	
201	제1관	163	99	20,10	1,999	5	174	2100	1	14,1,1,100,1,36,1,1,50,1,16,4,1,12,1,43,4,1,35,1,32,1,1,100,2,116,5,1,15,2,38,4,1,7,2,4,4,1,30,2,16,4,1,25,2,43,4,1,35,2	20-11.tmx	1000091	318 	32 	1000087	318 	32	1000098	318	32	1103	20	2103	20	3103	20	20 	0	0.3	5	4550	89,1,1,40,114,1,1,40,117,1,1,40,42,4,15,50,47,4,24,80	
202	제2관		99	21,1	1,999	5	174	2110	1	15,1,1,100,1,37,1,1,50,1,19,4,1,12,1,43,4,1,35,1,33,1,1,100,2,116,5,1,15,2,38,4,1,7,2,4,4,1,30,2,19,4,1,25,2,43,4,1,35,2	20-12.tmx	1000088	301 	32 	1000094	301 	32	1000097	301	32	1103	20	2103	20	3103	20	20 	0	0.3	5	4550	89,1,1,40,114,1,1,40,117,1,1,40,42,4,15,50,47,4,24,80	
203	제3관		99	21,2	1,999	5	174	2120	1	16,1,1,100,1,38,1,1,50,1,25,4,1,12,1,43,4,1,35,1,34,1,1,100,2,116,5,1,15,2,38,4,1,7,2,4,4,1,30,2,25,4,1,25,2,43,4,1,35,2	20-13.tmx	1000102	326 	32 	1000080	326 	32	1000087	326	32	1103	21	2103	21	3103	21	20 	0	0.3	5	4550	89,1,1,40,114,1,1,40,117,1,1,40,42,4,15,50,48,4,24,50	
204	제4관		99	21,3	1,999	5	174	2130	1	17,1,1,100,1,39,1,1,50,1,16,4,1,12,1,43,4,1,35,1,35,1,1,100,2,116,5,1,15,2,38,4,1,7,2,4,4,1,30,2,16,4,1,25,2,43,4,1,35,2	20-14.tmx	1000090	306 	32 	1000107	306 	32	1000087	306	32	1103	21	2103	21	3103	21	20 	0	0.3	5	4550	89,1,1,40,114,1,1,40,117,1,1,40,42,4,15,50,48,4,24,50	
205	제5관	164	99	21,4	1,999	5	174	2140	1	18,1,1,100,1,32,1,1,50,1,19,4,1,12,1,43,4,1,35,1,48,4,1,60,2,116,5,1,15,2,38,4,1,7,2,4,4,1,30,2,19,4,1,25,2,43,4,1,35,2	20-15.tmx	1000093	313 	32 	1000094	313 	32	1000097	313	32	1103	22	2103	22	3103	22	20 	0	0.3	5	4550	89,1,1,40,114,1,1,40,117,1,1,40,42,4,15,50,38,4,28,80	
206	제6관		99	21,5	1,999	5	174	2150	1	19,1,1,100,1,33,1,1,50,1,25,4,1,12,1,43,4,1,35,1,37,1,1,100,2,116,5,1,15,2,38,4,1,7,2,4,4,1,30,2,25,4,1,25,2,43,4,1,35,2	20-16.tmx	1000100	339 	32 	1000111	339 	32	1000076	339	32	1103	22	2103	22	3103	22	20 	0	0.3	5	4550	89,1,1,40,114,1,1,40,117,1,1,40,42,4,15,50,50,4,19,50	
207	제7관		99	21,6	1,999	5	174	2160	1	20,1,1,100,1,34,1,1,50,1,16,4,1,12,1,43,4,1,35,1,38,1,1,100,2,116,5,1,15,2,38,4,1,7,2,4,4,1,30,2,16,4,1,25,2,43,4,1,35,2	20-17.tmx	1000092	317 	32 	1000087	317 	32	1000095	317	32	1103	23	2103	23	3103	23	20 	0	0.3	5	4550	89,1,1,40,114,1,1,40,117,1,1,40,42,4,15,50,50,4,19,50	
208	제8관		99	21,7	1,999	5	174	2170	1	21,1,1,100,1,35,1,1,50,1,19,4,1,12,1,43,4,1,35,1,39,1,1,100,2,116,5,1,15,2,38,4,1,7,2,4,4,1,30,2,19,4,1,25,2,43,4,1,35,2	20-18.tmx	1000080	323 	32 	1000087	323 	32	1000101	323	32	1103	23	2103	23	3103	23	20 	0	0.3	5	4550	89,1,1,40,114,1,1,40,117,1,1,40,42,4,15,50,49,4,19,50	
209	제9관		99	21,8	1,999	5	174	2180	1	22,1,1,100,1,36,1,1,50,1,25,4,1,12,1,43,4,1,35,1,32,1,1,100,2,116,5,1,15,2,38,4,1,7,2,4,4,1,30,2,25,4,1,25,2,43,4,1,35,2	20-19.tmx	1000078	319 	32 	1000083	319 	32	1000080	319	32	1103	24	2103	24	3103	24	20 	0	0.3	5	4550	89,1,1,40,114,1,1,40,117,1,1,40,42,4,15,50,49,4,19,50	
210	제10관	165,166	99	21,9	1,999	5	174	2190	1	23,1,1,100,1,37,1,1,50,1,16,4,1,12,1,43,4,1,35,1,49,4,1,60,2,116,5,1,15,2,38,4,1,7,2,4,4,1,30,2,16,4,1,25,2,43,4,1,35,2	20-20.tmx	1000094	316 	32 	1000095	316 	32	1000097	316	32	1103	24	2103	24	3103	24	20 	0	0.3	5	4550	89,1,1,40,114,1,1,40,117,1,1,40,42,4,15,50,38,4,29,80	
211	제1관	167	99	21,10	1,999	5	188	2200	1	24,1,1,100,1,38,1,1,50,1,19,4,1,12,1,43,4,1,35,1,32,1,1,100,2,126,5,1,15,2,38,4,1,7,2,4,4,1,30,2,19,4,1,25,2,43,4,1,35,2	20-21.tmx	1000110	327 	32 	1000076	327 	32	1000075	327	32	1103	25	2103	25	3103	25	20 	0	0.3	5	4550	114,1,1,40,117,1,1,40,118,1,1,40,42,4,16,50,47,4,25,80	
212	제2관		99	22,1	1,999	5	188	2210	1	25,1,1,100,1,39,1,1,50,1,25,4,1,12,1,43,4,1,35,1,33,1,1,100,2,126,5,1,15,2,38,4,1,7,2,4,4,1,30,2,25,4,1,25,2,43,4,1,35,2	20-22.tmx	1000096	341 	32 	1000093	341 	32	1000095	341	32	1103	25	2103	25	3103	25	20 	0	0.3	5	4550	114,1,1,40,117,1,1,40,118,1,1,40,42,4,16,50,47,4,25,80	
213	제3관		99	22,2	1,999	5	188	2220	1	26,1,1,100,1,32,1,1,50,1,16,4,1,12,1,43,4,1,35,1,34,1,1,100,2,126,5,1,15,2,38,4,1,7,2,4,4,1,30,2,16,4,1,25,2,43,4,1,35,2	20-23.tmx	1000092	332 	32 	1000079	332 	32	1000077	332	32	1103	26	2103	26	3103	26	20 	0	0.3	5	4550	114,1,1,40,117,1,1,40,118,1,1,40,42,4,16,50,48,4,25,50	
214	제4관		99	22,3	1,999	5	188	2230	1	27,1,1,100,1,33,1,1,50,1,19,4,1,12,1,43,4,1,35,1,35,1,1,100,2,126,5,1,15,2,38,4,1,7,2,4,4,1,30,2,19,4,1,25,2,43,4,1,35,2	20-24.tmx	1000101	356 	32 	1000103	356 	32	1000099	356	32	1103	26	2103	26	3103	26	20 	0	0.3	5	4550	114,1,1,40,117,1,1,40,118,1,1,40,42,4,16,50,48,4,25,50	
215	제5관	168	99	22,4	1,999	5	188	2240	1	28,1,1,100,1,34,1,1,50,1,25,4,1,12,1,43,4,1,35,1,48,4,1,60,2,126,5,1,15,2,38,4,1,7,2,4,4,1,30,2,25,4,1,25,2,43,4,1,35,2	20-25.tmx	1000098	352 	32 	1000096	352 	32	1000101	352	32	1103	27	2103	27	3103	27	20 	0	0.3	5	4550	114,1,1,40,117,1,1,40,118,1,1,40,42,4,16,50,38,4,30,80	
216	제6관		99	22,5	1,999	5	188	2250	1	29,1,1,100,1,35,1,1,50,1,16,4,1,12,1,43,4,1,35,1,37,1,1,100,2,126,5,1,15,2,38,4,1,7,2,4,4,1,30,2,16,4,1,25,2,43,4,1,35,2	20-26.tmx	1000098	348 	32 	1000104	348 	32	1000084	348	32	1103	27	2103	27	3103	27	20 	0	0.3	5	4550	114,1,1,40,117,1,1,40,118,1,1,40,42,4,16,50,50,4,20,50	
217	제7관		99	22,6	1,999	5	188	2260	1	30,1,1,100,1,36,1,1,50,1,19,4,1,12,1,43,4,1,35,1,38,1,1,100,2,126,5,1,15,2,38,4,1,7,2,4,4,1,30,2,19,4,1,25,2,43,4,1,35,2	20-27.tmx	1000096	337 	32 	1000075	337 	32	1000076	337	32	1103	28	2103	28	3103	28	20 	0	0.3	5	4550	114,1,1,40,117,1,1,40,118,1,1,40,42,4,16,50,50,4,20,50	
218	제8관		99	22,7	1,999	5	188	2270	1	31,1,1,100,1,37,1,1,50,1,25,4,1,12,1,43,4,1,35,1,39,1,1,100,2,126,5,1,15,2,38,4,1,7,2,4,4,1,30,2,25,4,1,25,2,43,4,1,35,2	20-28.tmx	1000095	335 	32 	1000112	335 	32	1000078	335	32	1103	28	2103	28	3103	28	20 	0	0.3	5	4550	114,1,1,40,117,1,1,40,118,1,1,40,42,4,16,50,49,4,20,50	
219	제9관		99	22,8	1,999	5	188	2280	1	14,1,1,100,1,38,1,1,50,1,16,4,1,12,1,43,4,1,35,1,32,1,1,100,2,126,5,1,15,2,38,4,1,7,2,4,4,1,30,2,16,4,1,25,2,43,4,1,35,2	20-29.tmx	1000078	358 	32 	1000082	358 	32	1000111	358	32	1103	29	2103	29	3103	29	20 	0	0.3	5	4550	114,1,1,40,117,1,1,40,118,1,1,40,42,4,16,50,49,4,20,50	
220	제10관	169,170	99	22,9	1,999	5	188	2290	1	15,1,1,100,1,39,1,1,50,1,19,4,1,12,1,43,4,1,35,1,49,4,1,60,2,126,5,1,15,2,38,4,1,7,2,4,4,1,30,2,19,4,1,25,2,43,4,1,35,2	20-30.tmx	1000086	334 	32 	1000097	334 	32	1000094	334	32	1103	31	2103	31	3103	31	20 	0	0.3	5	4550	114,1,1,40,117,1,1,40,118,1,1,40,42,4,16,50,38,4,31,80	
221	제1관	171	99	22,10	1,999	5	204	2300	1	16,1,1,100,1,32,1,1,50,1,25,4,1,12,1,43,4,1,35,1,32,1,1,100,2,125,5,1,15,2,38,4,1,7,2,4,4,1,30,2,25,4,1,25,2,43,4,1,35,2	20-31.tmx	1000126	307 	33 	1000094	307 	32 	1000128	307	33 	1103	32	2103	32	3103	32	20 	0	0.3	5	4550	115,1,1,40,118,1,1,40,116,1,1,40,42,4,17,50,47,4,26,80	
222	제2관		99	23,1	1,999	5	204	2310	1	17,1,1,100,1,33,1,1,50,1,16,4,1,12,1,43,4,1,35,1,33,1,1,100,2,125,5,1,15,2,38,4,1,7,2,4,4,1,30,2,16,4,1,25,2,43,4,1,35,2	20-32.tmx	1000139	306 	33 	1000107	306 	32 	1000122	306	33 	1103	34	2103	34	3103	34	20 	0	0.3	5	4550	115,1,1,40,118,1,1,40,116,1,1,40,42,4,17,50,47,4,26,80	
223	제3관		99	23,2	1,999	5	204	2320	1	18,1,1,100,1,34,1,1,50,1,19,4,1,12,1,43,4,1,35,1,34,1,1,100,2,125,5,1,15,2,38,4,1,7,2,4,4,1,30,2,19,4,1,25,2,43,4,1,35,2	20-33.tmx	1000127	301 	33 	1000117	301 	33 	1000119	301	33 	1103	35	2103	35	3103	35	20 	0	0.3	5	4550	115,1,1,40,118,1,1,40,116,1,1,40,42,4,17,50,48,4,26,50	
224	제4관		99	23,3	1,999	5	204	2330	1	19,1,1,100,1,35,1,1,50,1,25,4,1,12,1,43,4,1,35,1,35,1,1,100,2,125,5,1,15,2,38,4,1,7,2,4,4,1,30,2,25,4,1,25,2,43,4,1,35,2	20-34.tmx	1000133	288 	33 	1000115	288 	33 	1000135	288	33 	1103	37	2103	37	3103	37	20 	0	0.3	5	4550	115,1,1,40,118,1,1,40,116,1,1,40,42,4,17,50,48,4,26,50	
225	제5관	172	99	23,4	1,999	5	204	2340	1	20,1,1,100,1,36,1,1,50,1,16,4,1,12,1,43,4,1,35,1,48,4,1,60,2,125,5,1,15,2,38,4,1,7,2,4,4,1,30,2,16,4,1,25,2,43,4,1,35,2	20-35.tmx	1000122	296 	34 	1000135	296 	34 	1000128	296	34 	1103	38	2103	38	3103	38	20 	0	0.3	5	4550	115,1,1,40,118,1,1,40,116,1,1,40,42,4,17,50,38,4,32,80	
226	제6관		99	23,5	1,999	5	204	2350	1	21,1,1,100,1,37,1,1,50,1,19,4,1,12,1,43,4,1,35,1,37,1,1,100,2,125,5,1,15,2,38,4,1,7,2,4,4,1,30,2,19,4,1,25,2,43,4,1,35,2	20-36.tmx	1000120	325 	34 	1000086	325 	32 	1000123	325	34 	1103	40	2103	40	3103	40	20 	0	0.3	5	4550	115,1,1,40,118,1,1,40,116,1,1,40,42,4,17,50,50,4,21,50	
227	제7관		99	23,6	1,999	5	204	2360	1	22,1,1,100,1,38,1,1,50,1,25,4,1,12,1,43,4,1,35,1,38,1,1,100,2,125,5,1,15,2,38,4,1,7,2,4,4,1,30,2,25,4,1,25,2,43,4,1,35,2	20-37.tmx	1000118	326 	34 	1000109	326 	32 	1000123	326	34 	1103	41	2103	41	3103	41	20 	0	0.3	5	4550	115,1,1,40,118,1,1,40,116,1,1,40,42,4,17,50,50,4,21,50	
228	제8관		99	23,7	1,999	5	204	2370	1	23,1,1,100,1,39,1,1,50,1,16,4,1,12,1,43,4,1,35,1,39,1,1,100,2,125,5,1,15,2,38,4,1,7,2,4,4,1,30,2,16,4,1,25,2,43,4,1,35,2	20-38.tmx	1000129	321 	34 	1000077	321 	32 	1000120	321	34 	1103	43	2103	43	3103	43	20 	0	0.3	5	4550	115,1,1,40,118,1,1,40,116,1,1,40,42,4,17,50,49,4,21,50	
229	제9관		99	23,8	1,999	5	204	2380	1	24,1,1,100,1,32,1,1,50,1,19,4,1,12,1,43,4,1,35,1,32,1,1,100,2,125,5,1,15,2,38,4,1,7,2,4,4,1,30,2,19,4,1,25,2,43,4,1,35,2	20-39.tmx	1000129	275 	35 	1000127	275 	35 	1000136	275	35 	1103	44	2103	44	3103	44	20 	0	0.3	5	4550	115,1,1,40,118,1,1,40,116,1,1,40,42,4,17,50,49,4,21,50	
230	제10관	173,174	99	23,9	1,999	5	204	2390	1	25,1,1,100,1,33,1,1,50,1,25,4,1,12,1,43,4,1,35,1,49,4,1,60,2,125,5,1,15,2,38,4,1,7,2,4,4,1,30,2,25,4,1,25,2,43,4,1,35,2	20-40.tmx	1000123	314 	35 	1000135	314 	35 	1000128	314	35 	1103	50	2103	50	3103	50	20 	0	0.3	5	4550	115,1,1,40,118,1,1,40,116,1,1,40,42,4,17,50,38,4,33,80	
231	제1관	175	99	23,10	1,999	5	222	2400	1	26,1,1,100,1,33,1,1,50,1,25,4,1,12,1,43,4,1,35,1,32,1,1,100,2,119,5,1,15,2,38,4,1,7,2,4,4,1,30,2,16,4,1,25,2,43,4,1,35,2	20-41.tmx	1000133	306 	35 	1000126	306 	35 	1000121	306	35 	1104	5	2104	5	3104	5	20 	0	0.3	5	4550	119,1,1,40,116,1,1,40,121,1,1,40,42,4,18,50,47,4,27,80	
232	제2관		99	24,1	1,999	5	222	2410	1	27,1,1,100,1,34,1,1,50,1,16,4,1,12,1,43,4,1,35,1,33,1,1,100,2,119,5,1,15,2,38,4,1,7,2,4,4,1,30,2,19,4,1,25,2,43,4,1,35,2	20-42.tmx	1000125	347 	35 	1000083	347 	32 	1000133	347	35 	1104	10	2104	10	3104	10	20 	0	0.3	5	4550	119,1,1,40,116,1,1,40,121,1,1,40,42,4,18,50,47,4,27,80	
233	제3관		99	24,2	1,999	5	222	2420	1	28,1,1,100,1,35,1,1,50,1,19,4,1,12,1,43,4,1,35,1,34,1,1,100,2,119,5,1,15,2,38,4,1,7,2,4,4,1,30,2,25,4,1,25,2,43,4,1,35,2	20-43.tmx	1000125	319 	36 	1000132	319 	36 	1000131	319	36 	1104	15	2104	15	3104	15	20 	0	0.3	5	4550	119,1,1,40,116,1,1,40,121,1,1,40,42,4,18,50,48,4,27,50	
234	제4관		99	24,3	1,999	5	222	2430	1	29,1,1,100,1,36,1,1,50,1,25,4,1,12,1,43,4,1,35,1,35,1,1,100,2,119,5,1,15,2,38,4,1,7,2,4,4,1,30,2,16,4,1,25,2,43,4,1,35,2	20-44.tmx	1000123	322 	36 	1000118	322 	36 	1000132	322	36 	1104	20	2104	20	3104	20	20 	0	0.3	5	4550	119,1,1,40,116,1,1,40,121,1,1,40,42,4,18,50,48,4,27,50	
235	제5관	176	99	24,4	1,999	5	222	2440	1	30,1,1,100,1,37,1,1,50,1,16,4,1,12,1,43,4,1,35,1,48,4,1,60,2,119,5,1,15,2,38,4,1,7,2,4,4,1,30,2,19,4,1,25,2,43,4,1,35,2	20-45.tmx	1000133	329 	36 	1000132	329 	36 	1000131	329	36 	1104	25	2104	25	3104	25	20 	0	0.3	5	4550	119,1,1,40,116,1,1,40,121,1,1,40,42,4,18,50,38,4,34,80	
236	제6관		99	24,5	1,999	5	222	2450	1	31,1,1,100,1,38,1,1,50,1,19,4,1,12,1,43,4,1,35,1,37,1,1,100,2,119,5,1,15,2,38,4,1,7,2,4,4,1,30,2,25,4,1,25,2,43,4,1,35,2	20-46.tmx	1000137	337 	36 	1000123	337 	36 	1000114	337	36 	1104	30	2104	30	3104	30	20 	0	0.3	5	4550	119,1,1,40,116,1,1,40,121,1,1,40,42,4,18,50,50,4,22,50	
237	제7관		99	24,6	1,999	5	222	2460	1	14,1,1,100,1,39,1,1,50,1,25,4,1,12,1,43,4,1,35,1,38,1,1,100,2,119,5,1,15,2,38,4,1,7,2,4,4,1,30,2,16,4,1,25,2,43,4,1,35,2	20-47.tmx	1000137	328 	37 	1000120	328 	37 	1000133	328	37 	1104	35	2104	35	3104	35	20 	0	0.3	5	4550	119,1,1,40,116,1,1,40,121,1,1,40,42,4,18,50,50,4,22,50	
238	제8관		99	24,7	1,999	5	222	2470	1	15,1,1,100,1,32,1,1,50,1,16,4,1,12,1,43,4,1,35,1,39,1,1,100,2,119,5,1,15,2,38,4,1,7,2,4,4,1,30,2,19,4,1,25,2,43,4,1,35,2	20-48.tmx	1000130	369 	37 	1000121	369 	37 	1000085	369	32 	1104	40	2104	40	3104	40	20 	0	0.3	5	4550	119,1,1,40,116,1,1,40,121,1,1,40,42,4,18,50,49,4,22,50	
239	제9관		99	24,8	1,999	5	222	2480	1	16,1,1,100,1,33,1,1,50,1,19,4,1,12,1,43,4,1,35,1,32,1,1,100,2,119,5,1,15,2,38,4,1,7,2,4,4,1,30,2,25,4,1,25,2,43,4,1,35,2	20-49.tmx	1000130	374 	37 	1000083	374 	32 	1000125	374	37 	1104	45	2104	45	3104	45	20 	0	0.3	5	4550	119,1,1,40,116,1,1,40,121,1,1,40,42,4,18,50,49,4,22,50	
240	제10관	177,178	99	24,9	1,999	5	222	2490	1	17,1,1,100,1,34,1,1,50,1,25,4,1,12,1,43,4,1,35,1,49,4,1,60,2,119,5,1,15,2,38,4,1,7,2,4,4,1,30,2,16,4,1,25,2,43,4,1,35,2	20-50.tmx	1000133	348 	37 	1000125	348 	37 	1000134	348	37 	1104	50	2104	50	3104	50	20 	0	0.3	5	4550	119,1,1,40,116,1,1,40,121,1,1,40,42,4,18,50,38,4,35,80	
241	제1관	179	99	24,10	1,999	5	242	2500	1	18,1,1,100,1,35,1,1,50,1,25,4,1,12,1,43,4,1,35,1,32,1,1,100,2,121,5,1,15,2,38,4,1,7,2,4,4,1,30,2,19,4,1,25,2,43,4,1,35,2	20-51.tmx	1000136	368 	38 	1000107	368 	32 	1000134	368	38 	1105	5	2105	5	3105	5	20 	0	0.3	5	4550	122,1,1,40,121,1,1,40,123,1,1,40,42,4,19,50,47,4,28,80	
242	제2관		99	25,1	1,999	5	242	2510	1	19,1,1,100,1,36,1,1,50,1,16,4,1,12,1,43,4,1,35,1,33,1,1,100,2,121,5,1,15,2,38,4,1,7,2,4,4,1,30,2,25,4,1,25,2,43,4,1,35,2	20-52.tmx	1000132	405 	38 	1000094	405 	32 	1000114	405	38 	1105	10	2105	10	3105	10	20 	0	0.3	5	4550	122,1,1,40,121,1,1,40,123,1,1,40,42,4,19,50,47,4,28,80	
243	제3관		99	25,2	1,999	5	242	2520	1	20,1,1,100,1,37,1,1,50,1,19,4,1,12,1,43,4,1,35,1,34,1,1,100,2,121,5,1,15,2,38,4,1,7,2,4,4,1,30,2,16,4,1,25,2,43,4,1,35,2	20-53.tmx	1000134	386 	38 	1000086	386 	32 	1000130	386	38 	1105	15	2105	15	3105	15	20 	0	0.3	5	4550	122,1,1,40,121,1,1,40,123,1,1,40,42,4,19,50,48,4,28,50	
244	제4관		99	25,3	1,999	5	242	2530	1	21,1,1,100,1,38,1,1,50,1,25,4,1,12,1,43,4,1,35,1,35,1,1,100,2,121,5,1,15,2,38,4,1,7,2,4,4,1,30,2,19,4,1,25,2,43,4,1,35,2	20-54.tmx	1000126	372 	38 	1000135	372 	38 	1000121	372	38 	1105	20	2105	20	3105	20	20 	0	0.3	5	4550	122,1,1,40,121,1,1,40,123,1,1,40,42,4,19,50,48,4,28,50	
245	제5관	180	99	25,4	1,999	5	242	2540	1	22,1,1,100,1,39,1,1,50,1,16,4,1,12,1,43,4,1,35,1,48,4,1,60,2,121,5,1,15,2,38,4,1,7,2,4,4,1,30,2,25,4,1,25,2,43,4,1,35,2	20-55.tmx	1000114	392 	39 	1000121	392 	39 	1000123	392	39 	1105	25	2105	25	3105	25	20 	0	0.3	5	4550	122,1,1,40,121,1,1,40,123,1,1,40,42,4,19,50,38,4,36,80	
246	제6관		99	25,5	1,999	5	242	2550	1	23,1,1,100,1,32,1,1,50,1,19,4,1,12,1,43,4,1,35,1,37,1,1,100,2,121,5,1,15,2,38,4,1,7,2,4,4,1,30,2,16,4,1,25,2,43,4,1,35,2	20-56.tmx	1000134	371 	39 	1000132	371 	39 	1000138	371	39 	1105	30	2105	30	3105	30	20 	0	0.3	5	4550	122,1,1,40,121,1,1,40,123,1,1,40,42,4,19,50,50,4,23,50	
247	제7관		99	25,6	1,999	5	242	2560	1	24,1,1,100,1,33,1,1,50,1,25,4,1,12,1,43,4,1,35,1,38,1,1,100,2,121,5,1,15,2,38,4,1,7,2,4,4,1,30,2,19,4,1,25,2,43,4,1,35,2	20-57.tmx	1000133	401 	39 	1000134	401 	39 	1000131	401	39 	1105	35	2105	35	3105	35	20 	0	0.3	5	4550	122,1,1,40,121,1,1,40,123,1,1,40,42,4,19,50,50,4,23,50	
248	제8관		99	25,7	1,999	5	242	2570	1	25,1,1,100,1,33,1,1,50,1,16,4,1,12,1,43,4,1,35,1,39,1,1,100,2,121,5,1,15,2,38,4,1,7,2,4,4,1,30,2,25,4,1,25,2,43,4,1,35,2	20-58.tmx	1000136	375 	39 	1000127	375 	39 	1000130	375	39 	1105	40	2105	40	3105	40	20 	0	0.3	5	4550	122,1,1,40,121,1,1,40,123,1,1,40,42,4,19,50,49,4,23,50	
249	제9관		99	25,8	1,999	5	242	2580	1	26,1,1,100,1,34,1,1,50,1,19,4,1,12,1,43,4,1,35,1,32,1,1,100,2,121,5,1,15,2,38,4,1,7,2,4,4,1,30,2,16,4,1,25,2,43,4,1,35,2	20-59.tmx	1000123	431 	39 	1000132	431 	39 	1000131	431	39 	1105	45	2105	45	3105	45	20 	0	0.3	5	4550	122,1,1,40,121,1,1,40,123,1,1,40,42,4,19,50,49,4,23,50	
250	제10관	181,182	99	25,9	1,999	5	242	2590	1	27,1,1,100,1,35,1,1,50,1,25,4,1,12,1,43,4,1,35,1,49,4,1,60,2,121,5,1,15,2,38,4,1,7,2,4,4,1,30,2,19,4,1,25,2,43,4,1,35,2	20-60.tmx	1000130	413 	39 	1000123	413 	39 	1000134	413	39 	1105	50	2105	50	3105	50	20 	0	0.3	5	4550	122,1,1,40,121,1,1,40,123,1,1,40,42,4,19,50,38,4,37,80	
20000	제10관	124,125	99	15,9	1,999	0	0	0	0	0	15-10.tmx	1000074	90 	32	1000075	90 	32 	1000076	90	32 	1103	30	2103	30	3103	30	20 	0	0.3	5	3445	119,1,1,40,116,1,1,40,121,1,1,40,42,4,18,50,47,4,27,80	
20001	제9관	134	99	16,8	1,999	0	0	0	0	0	16-09.tmx	1000085	90 	32	1000086	90 	32 	1000087	90	32 	1103	30	2103	30	3103	30	20 	0	0.3	5	3535	119,1,1,40,116,1,1,40,121,1,1,40,42,4,18,50,47,4,27,80	